Cpptraj Generated trajectory                                                    
  42.450  40.200  44.320  42.320  41.100  43.120  43.630  41.550  42.400  44.650
  42.560  43.000  45.930  42.880  42.250  46.940  43.680  43.150  48.000  44.450
  42.320  49.020  43.410  41.860  43.070  40.690  45.310  41.860  39.050  44.310
  41.830  42.050  43.410  41.660  40.500  42.450  43.280  42.080  41.490  44.190
  40.640  42.080  44.960  42.060  43.940  44.200  43.560  43.190  45.680  43.520
  41.370  46.500  41.950  42.020  47.460  42.960  43.820  46.390  44.470  43.720
  48.550  45.070  43.060  47.540  44.980  41.460  49.490  42.940  42.750  49.880
  43.940  41.390  48.580  42.610  41.230
  42.200  40.408  44.889  42.532  41.045  43.552  41.932  42.386  43.320  42.182
  42.927  41.927  43.588  42.933  41.413  44.638  43.587  42.378  46.030  43.760
  41.731  47.126  43.998  42.777  42.528  41.030  45.914  41.636  39.261  44.927
  42.190  40.353  42.754  43.636  41.167  43.491  42.315  43.099  44.080  40.820
  42.334  43.375  41.722  43.936  41.841  41.590  42.286  41.239  43.553  43.481
  40.448  43.808  41.860  41.313  44.711  42.969  43.300  44.212  44.564  42.721
  46.161  44.611  41.033  46.377  42.800  41.288  47.036  45.095  42.939  48.097
  43.826  42.249  47.049  43.384  43.707
  42.850  41.073  45.013  43.294  41.830  43.771  42.795  43.294  43.846  42.976
  44.193  42.645  44.436  44.198  42.076  45.538  44.483  43.111  46.914  44.204
  42.463  48.030  44.551  43.430  43.404  41.253  46.127  41.850  40.275  44.895
  42.902  41.345  42.851  44.394  41.769  43.646  43.312  43.662  44.765  41.711
  43.291  44.090  42.561  45.176  42.947  42.283  43.921  41.826  44.573  44.927
  41.249  44.710  43.173  41.720  45.439  43.703  43.897  45.512  45.492  43.580
  46.922  44.949  41.644  47.080  43.187  42.035  47.953  44.074  44.435  47.933
  45.653  43.581  49.002  44.408  42.900
  42.276  40.815  45.157  42.552  41.556  43.906  42.781  43.150  44.084  43.386
  43.866  42.796  44.868  43.540  42.572  45.740  44.058  43.763  47.292  44.016
  43.597  47.966  44.692  44.719  41.568  39.814  45.198  42.774  41.285  46.203
  41.677  41.457  43.225  43.395  41.104  43.344  43.365  43.284  45.023  41.784
  43.634  44.166  43.328  44.970  42.970  42.677  43.688  41.965  45.299  43.980
  41.656  44.999  42.462  42.349  45.566  43.300  44.564  45.435  45.099  43.973
  47.515  44.612  42.692  47.668  42.990  43.377  49.004  44.991  44.475  48.100
  44.029  45.605  47.507  45.673  44.956
  42.825  40.970  44.604  43.520  41.683  43.388  42.999  43.167  43.242  43.769
  43.907  42.237  45.269  43.937  42.400  45.717  44.245  43.856  47.044  45.084
  43.977  48.294  44.427  43.331  42.433  39.782  44.480  42.728  41.657  45.698
  43.341  41.146  42.433  44.603  41.635  43.624  43.067  43.683  44.229  41.939
  43.145  42.934  43.334  44.923  42.384  43.500  43.621  41.200  45.608  44.839
  41.835  45.886  43.083  42.045  45.731  43.245  44.324  44.924  44.890  44.286
  47.249  45.193  45.059  47.005  46.123  43.591  49.255  44.974  43.468  48.079
  44.438  42.244  48.534  43.393  43.635
  42.618  40.528  44.628  43.211  41.343  43.452  43.062  42.892  43.653  43.435
  43.686  42.416  44.895  43.457  41.881  45.927  43.774  43.020  47.358  43.725
  42.550  48.523  44.111  43.487  41.741  39.691  44.368  43.004  40.795  45.746
  42.771  41.095  42.452  44.270  41.012  43.446  43.605  43.144  44.587  42.005
  43.122  43.915  43.216  44.747  42.666  42.742  43.278  41.650  44.981  44.080
  40.956  44.781  42.380  41.656  45.835  43.035  43.850  45.657  44.783  43.406
  47.301  44.533  41.786  47.596  42.774  42.035  49.451  44.236  42.892  48.553
  43.373  44.313  48.369  45.097  43.978
  42.405  40.606  44.982  42.313  41.806  44.134  43.795  42.205  43.815  43.896
  43.564  43.110  45.343  44.035  42.798  46.380  44.184  43.963  46.399  45.545
  44.656  45.057  46.217  45.134  43.225  40.655  45.949  41.640  39.604  44.770
  41.690  42.555  44.653  41.812  41.600  43.164  44.334  41.405  43.277  44.364
  42.266  44.769  43.402  44.314  43.773  43.287  43.513  42.176  45.263  44.919
  42.135  45.757  43.286  42.094  47.387  44.061  43.523  46.324  43.362  44.711
  47.002  46.201  43.979  47.079  45.356  45.512  44.420  46.552  44.295  45.352
  47.039  45.829  44.405  45.439  45.595
  42.477  39.915  44.268  43.007  41.053  43.458  42.940  42.414  44.259  43.082
  43.611  43.286  44.326  43.564  42.333  45.529  44.025  43.151  46.816  44.141
  42.273  48.053  44.499  43.116  43.030  39.562  45.367  41.417  39.333  43.934
  42.362  41.245  42.573  44.016  40.827  43.050  43.809  42.438  44.944  42.069
  42.544  44.942  42.969  44.606  43.758  42.134  43.554  42.704  44.336  44.229
  41.445  44.471  42.580  41.834  45.681  43.250  43.932  45.334  45.051  43.519
  46.604  44.861  41.453  46.957  43.134  41.822  48.853  44.668  42.359  48.348
  43.759  43.879  47.805  45.515  43.510
  42.932  40.455  43.939  42.805  41.013  42.518  44.067  41.681  41.895  44.663
  42.753  42.725  45.989  43.370  42.181  47.017  43.799  43.243  48.377  44.386
  42.789  49.251  43.462  41.940  43.210  41.235  44.895  42.623  39.245  44.087
  41.990  41.767  42.628  42.382  40.218  41.875  43.782  42.093  40.894  44.875
  40.943  41.725  44.957  42.284  43.691  43.866  43.511  42.887  45.870  44.109
  41.361  46.408  42.492  41.645  47.332  42.888  43.795  46.522  44.503  43.939
  48.977  44.824  43.618  48.063  45.262  42.183  49.276  42.441  42.386  50.287
  43.841  41.780  48.804  43.338  40.929
  42.813  40.619  42.504  43.026  41.561  41.288  44.258  42.509  41.357  44.373
  43.460  42.576  45.734  44.162  42.647  45.970  44.983  43.925  47.404  45.483
  43.968  47.662  46.693  44.862  41.798  40.854  43.165  43.686  39.844  42.882
  42.092  42.163  41.256  42.952  40.991  40.329  44.236  43.185  40.478  45.130
  41.821  41.349  44.155  42.832  43.472  43.556  44.199  42.390  45.911  44.886
  41.825  46.432  43.305  42.575  45.684  44.313  44.764  45.292  45.869  43.860
  47.550  45.912  42.952  48.169  44.697  44.146  47.142  47.628  44.570  48.736
  46.988  44.896  47.361  46.410  45.897
  42.696  38.445  42.911  42.433  39.077  41.508  43.276  40.329  41.347  43.051
  41.312  42.504  43.435  42.725  42.069  44.111  43.578  43.134  43.278  43.912
  44.399  44.109  44.268  45.610  41.825  38.771  43.792  43.563  37.563  43.058
  41.350  39.334  41.433  42.620  38.282  40.757  43.137  40.804  40.357  44.352
  40.079  41.322  43.607  41.025  43.422  41.980  41.259  42.785  42.547  43.311
  41.736  44.192  42.748  41.243  44.356  44.572  42.711  45.024  42.947  43.274
  42.739  42.976  44.677  42.502  44.661  44.133  44.852  45.071  45.439  44.586
  43.370  46.054  43.389  44.547  46.412
  42.714  38.611  42.824  42.699  39.379  41.532  43.414  40.847  41.650  42.787
  41.812  42.621  43.659  42.939  42.891  43.441  43.426  44.281  44.141  44.780
  44.592  45.599  44.701  44.335  41.703  38.627  43.590  43.728  37.965  43.078
  41.624  39.423  41.295  43.239  38.717  40.820  43.361  41.296  40.636  44.448
  40.542  41.898  42.583  41.228  43.538  41.755  42.061  42.309  43.449  43.693
  42.104  44.726  42.728  42.635  43.752  42.636  44.999  42.340  43.482  44.296
  43.963  45.140  45.634  43.637  45.542  43.968  46.127  43.848  44.823  46.156
  45.555  44.779  45.818  44.705  43.249
  42.321  38.517  42.676  42.231  39.228  41.306  43.171  40.422  41.216  42.722
  41.609  42.150  43.804  42.753  42.186  43.631  43.621  43.364  44.653  44.727
  43.375  44.383  45.832  44.477  41.413  38.725  43.465  43.311  37.761  42.941
  41.168  39.531  41.148  42.462  38.545  40.459  43.250  40.724  40.150  44.209
  40.116  41.462  42.741  41.195  43.177  41.795  42.134  41.859  43.746  43.325
  41.234  44.850  42.375  42.230  43.840  43.083  44.317  42.585  43.962  43.480
  44.515  45.331  42.449  45.672  44.306  43.516  44.083  45.420  45.466  43.627
  46.563  44.123  45.314  46.326  44.819
  42.430  39.404  42.734  42.396  40.372  41.546  43.464  41.565  41.842  43.178
  42.426  43.061  44.434  43.169  43.507  44.221  43.784  44.884  45.176  44.929
  45.191  44.597  46.411  45.045  41.440  39.409  43.460  43.447  38.729  42.982
  41.369  40.802  41.500  42.718  39.790  40.658  43.651  42.188  40.940  44.358
  40.936  41.994  42.834  41.740  43.871  42.294  43.021  42.739  44.537  43.970
  42.755  45.346  42.524  43.529  44.305  43.045  45.711  43.213  44.247  45.011
  46.134  44.890  44.632  45.576  44.797  46.227  44.364  46.680  43.984  45.352
  47.172  45.348  43.696  46.516  45.680
  43.177  38.786  43.113  43.512  39.315  41.749  43.120  40.824  41.680  43.880
  41.744  42.688  43.651  43.206  42.355  44.574  44.259  43.086  44.479  44.037
  44.595  45.259  45.126  45.381  42.017  38.817  43.476  44.138  38.380  43.787
  42.791  38.823  41.071  44.505  38.961  41.404  42.082  41.101  41.949  43.339
  41.198  40.654  44.956  41.489  42.652  43.511  41.439  43.689  42.588  43.486
  42.533  43.825  43.381  41.279  44.141  45.271  42.925  45.667  44.201  42.879
  44.989  43.074  44.803  43.426  43.793  44.863  45.249  46.164  44.972  46.326
  44.842  45.313  44.884  45.160  46.425
  42.769  38.594  42.956  42.499  39.031  41.488  42.968  40.478  41.209  42.441
  41.495  42.253  43.166  42.878  42.279  42.848  43.591  43.630  43.701  44.817
  43.869  43.759  45.167  45.298  41.769  38.391  43.658  43.976  38.408  43.340
  41.413  38.951  41.308  42.876  38.313  40.719  42.481  40.754  40.258  44.080
  40.507  41.129  42.651  41.014  43.230  41.361  41.665  42.072  42.760  43.486
  41.448  44.251  42.627  42.241  43.060  42.738  44.318  41.762  43.832  43.698
  43.369  45.638  43.208  44.685  44.453  43.499  44.198  46.176  45.421  44.402
  44.431  45.835  42.738  45.271  45.719
  43.358  38.803  42.595  43.483  39.572  41.296  43.127  41.069  41.405  44.072
  41.779  42.410  43.621  43.264  42.593  44.493  43.953  43.664  43.846  45.175
  44.294  44.725  45.693  45.433  42.192  38.602  43.003  44.376  38.425  43.176
  42.923  39.014  40.516  44.529  39.501  40.919  42.040  41.040  41.649  43.344
  41.547  40.420  45.074  41.658  41.940  44.004  41.301  43.404  42.577  43.215
  42.970  43.786  43.842  41.656  45.515  44.212  43.307  44.583  43.129  44.405
  42.887  44.855  44.764  43.664  46.008  43.587  44.368  46.627  45.929  45.749
  45.872  45.047  44.868  44.968  46.269
  42.487  38.569  43.033  42.491  39.025  41.619  43.247  40.361  41.492  42.661
  41.540  42.297  43.442  42.848  42.252  43.393  43.620  43.512  44.143  44.949
  43.485  43.863  45.826  44.768  41.421  38.381  43.683  43.626  38.275  43.503
  41.465  39.109  41.212  42.954  38.261  40.956  43.228  40.645  40.421  44.273
  40.196  41.880  42.801  41.204  43.346  41.586  41.730  42.064  42.878  43.336
  41.432  44.496  42.587  42.004  43.961  43.010  44.234  42.403  43.796  43.987
  43.808  45.381  42.520  45.235  44.910  43.323  44.131  45.173  45.633  42.775
  46.005  44.906  44.305  46.840  44.799
  43.389  38.752  42.733  43.541  39.546  41.448  42.947  40.931  41.442  43.597
  41.822  42.552  42.964  43.255  42.494  43.880  44.314  43.244  44.083  44.026
  44.719  44.584  45.172  45.539  42.281  38.477  43.135  44.487  38.460  43.289
  43.197  38.921  40.599  44.628  39.754  41.296  41.835  40.980  41.449  43.227
  41.440  40.487  44.712  41.861  42.464  43.385  41.373  43.539  41.979  43.233
  43.018  42.840  43.580  41.443  43.311  45.268  43.215  44.799  44.404  42.616
  44.648  43.082  44.828  43.148  43.794  45.279  45.562  45.505  45.110  44.776
  44.988  46.612  43.860  46.013  45.434
  43.260  38.758  42.637  43.451  39.329  41.201  42.910  40.835  41.228  43.465
  41.843  42.211  43.163  43.302  41.915  43.807  44.268  42.880  43.499  44.097
  44.409  44.219  45.175  45.228  42.115  38.815  43.133  44.247  38.305  43.230
  42.813  38.718  40.521  44.502  39.320  40.852  41.822  40.637  41.382  43.066
  41.349  40.250  44.546  41.640  42.101  43.031  41.522  43.184  42.054  43.287
  41.861  43.498  43.693  40.931  43.354  45.276  42.772  44.921  44.285  42.804
  43.885  43.126  44.776  42.394  44.060  44.525  44.244  44.957  46.326  43.866
  46.221  45.144  45.272  45.237  44.871
  43.145  38.015  42.763  43.150  38.723  41.398  42.924  40.191  41.386  43.719
  41.003  42.408  43.234  42.430  42.490  44.176  43.501  43.087  44.327  43.452
  44.652  44.950  44.702  45.163  42.046  38.067  43.308  44.148  37.482  43.263
  42.477  38.261  40.638  44.176  38.555  41.000  41.849  40.367  41.629  43.047
  40.611  40.364  44.775  41.006  42.080  43.725  40.609  43.448  42.210  42.438
  42.940  43.116  42.757  41.433  43.721  44.514  42.997  45.162  43.443  42.584
  44.942  42.587  44.960  43.354  43.219  45.130  45.294  44.527  46.203  44.252
  45.574  45.190  45.815  44.985  44.526
  43.429  38.706  42.621  43.549  39.398  41.307  43.029  40.888  41.374  43.696
  41.784  42.336  43.302  43.287  42.341  44.167  44.252  43.235  44.204  43.915
  44.735  45.119  44.707  45.654  42.362  38.729  43.305  44.505  38.235  43.137
  42.982  38.878  40.496  44.643  39.399  41.136  41.931  40.936  41.494  43.203
  41.208  40.329  44.796  41.685  42.167  43.468  41.305  43.321  42.278  43.234
  42.778  43.260  43.709  41.311  44.028  45.328  42.991  45.159  44.045  42.790
  44.345  42.816  44.789  43.167  44.103  45.098  44.887  44.440  46.706  44.917
  45.799  45.617  46.185  44.420  45.546
  42.989  38.243  43.054  42.841  38.751  41.594  43.144  40.302  41.526  42.155
  41.206  42.329  42.579  42.681  42.223  43.893  43.106  42.856  43.813  44.224
  43.789  45.096  44.375  44.659  41.951  38.046  43.708  44.171  37.984  43.444
  41.864  38.557  41.107  43.502  38.081  41.007  42.966  40.598  40.471  44.211
  40.555  41.714  42.111  40.918  43.400  41.183  41.089  41.796  41.822  43.215
  42.844  42.582  43.104  41.201  44.601  43.301  42.021  44.382  42.233  43.347
  43.039  44.067  44.566  43.663  45.243  43.379  45.314  43.376  45.112  45.044
  45.122  45.468  46.036  44.439  44.068
  42.859  38.503  43.173  42.665  39.142  41.831  43.282  40.529  41.837  42.784
  41.552  42.957  43.642  42.768  43.194  43.363  43.509  44.499  44.088  44.809
  44.675  45.610  44.583  44.903  41.877  38.309  43.965  44.034  38.257  43.515
  41.557  39.146  41.744  43.073  38.507  41.009  42.960  41.022  40.906  44.389
  40.549  41.772  42.771  40.994  43.914  41.695  41.765  42.861  43.595  43.453
  42.328  44.726  42.510  43.161  43.652  42.885  45.374  42.264  43.564  44.671
  43.753  45.500  45.468  44.061  45.348  43.706  46.060  45.532  45.273  46.058
  44.429  43.901  45.952  43.778  45.590
  42.975  39.336  43.241  43.181  39.827  41.830  42.826  41.294  41.663  43.396
  42.292  42.680  42.714  43.654  42.543  43.558  44.763  43.098  43.902  44.567
  44.625  44.252  45.802  45.379  41.758  39.411  43.715  43.932  38.929  43.913
  42.484  39.221  41.213  44.194  39.573  41.470  41.724  41.347  41.742  43.180
  41.633  40.670  44.483  42.467  42.497  43.247  41.852  43.682  41.726  43.698
  43.037  42.654  43.832  41.448  42.983  45.711  43.052  44.509  44.950  42.549
  44.734  43.838  44.747  43.094  44.002  45.134  45.153  46.365  45.053  44.492
  45.565  46.442  43.415  46.533  45.387
  43.291  38.388  43.047  43.521  38.938  41.668  42.944  40.385  41.497  43.503
  41.582  42.326  42.671  42.853  42.169  43.180  44.128  42.873  43.232  44.018
  44.463  44.196  44.915  45.177  42.035  38.405  43.356  44.230  38.027  43.835
  43.043  38.262  40.925  44.630  38.988  41.598  41.841  40.376  41.627  43.194
  40.742  40.475  44.519  41.767  41.905  43.783  41.397  43.383  41.668  42.526
  42.514  42.532  43.035  41.092  42.619  45.011  42.503  44.247  44.175  42.559
  43.608  42.983  44.592  42.237  44.143  44.940  44.304  44.754  46.272  43.964
  45.987  45.018  45.198  44.730  44.743
  43.430  38.402  43.033  43.648  38.854  41.677  43.239  40.341  41.358  43.994
  41.416  42.197  43.252  42.757  42.102  43.989  43.916  42.826  44.039  43.927
  44.439  44.829  45.236  44.995  42.313  38.502  43.635  44.421  37.938  43.601
  43.093  38.158  41.009  44.712  38.801  41.362  42.139  40.379  41.403  43.533
  40.560  40.307  45.020  41.599  41.808  44.030  41.187  43.282  42.169  42.795
  42.318  43.396  43.016  41.027  43.356  44.795  42.558  45.024  44.132  42.495
  44.633  43.003  44.638  43.043  43.838  44.903  45.893  45.212  44.678  44.766
  45.210  46.107  44.257  46.120  44.627
  43.381  38.255  42.420  43.452  38.925  41.045  42.918  40.318  41.034  43.505
  41.169  42.121  42.939  42.588  42.178  43.750  43.627  42.989  43.804  43.485
  44.505  44.880  44.446  45.139  42.337  38.250  43.097  44.430  37.631  42.718
  42.878  38.346  40.291  44.497  38.948  40.668  41.811  40.259  41.161  43.072
  40.822  40.053  44.568  41.384  41.902  43.431  40.758  43.159  41.878  42.651
  42.499  42.953  42.960  41.131  43.326  44.633  42.768  44.783  43.519  42.590
  44.118  42.439  44.715  42.791  43.664  44.939  44.365  45.424  45.207  45.765
  44.485  44.475  45.178  44.034  46.130
  43.190  38.555  43.095  43.427  39.186  41.722  42.950  40.679  41.607  43.298
  41.712  42.691  42.997  43.219  42.464  43.797  44.177  43.303  43.867  43.948
  44.847  44.551  44.985  45.627  42.083  38.779  43.653  44.011  37.726  43.494
  42.731  38.603  41.076  44.478  38.953  41.472  41.840  40.602  41.545  43.352
  41.143  40.680  44.404  41.700  42.787  42.845  41.400  43.651  41.898  43.259
  42.619  43.124  43.482  41.390  43.524  45.248  43.213  44.873  44.193  43.015
  44.276  42.928  45.033  42.835  43.855  45.240  44.021  45.937  45.438  45.593
  45.159  45.262  44.685  44.860  46.720
  42.932  38.762  42.999  42.805  39.449  41.616  43.347  40.904  41.703  42.382
  41.885  42.405  43.003  43.270  42.514  44.190  43.433  43.439  43.921  43.281
  44.978  45.087  43.335  46.013  41.877  38.483  43.615  44.098  38.594  43.525
  41.756  39.446  41.251  43.443  38.901  40.891  43.364  41.181  40.622  44.425
  40.896  41.978  42.223  41.420  43.406  41.465  41.991  41.781  42.187  43.958
  42.827  43.221  43.645  41.483  44.719  44.388  43.228  44.944  42.656  43.215
  43.333  42.336  45.108  43.298  44.167  45.192  45.618  42.360  46.059  44.703
  43.401  47.051  45.785  44.198  45.923
  43.002  38.610  43.152  42.994  39.197  41.732  43.628  40.619  41.519  42.979
  41.746  42.321  43.781  43.102  42.278  43.240  44.037  43.359  44.078  43.784
  44.680  44.446  45.126  45.405  41.874  38.473  43.693  44.044  38.060  43.636
  41.960  39.448  41.412  43.675  38.591  41.095  43.694  40.756  40.419  44.718
  40.635  41.748  42.968  41.446  43.396  41.943  41.907  41.972  43.623  43.459
  41.234  44.844  42.818  42.420  42.166  43.784  43.544  43.312  45.112  43.060
  45.081  43.339  44.510  43.453  43.237  45.424  44.917  45.830  44.681  45.166
  44.984  46.237  43.513  45.491  45.880
  42.871  38.801  42.727  42.971  39.479  41.424  43.607  40.898  41.492  43.021
  41.922  42.410  43.826  43.247  42.488  43.322  44.338  43.389  43.281  44.094
  44.915  44.653  43.800  45.601  41.767  38.597  43.288  43.929  38.449  43.259
  41.930  39.593  41.049  43.474  38.821  40.693  43.826  41.300  40.482  44.569
  40.587  41.948  42.802  41.469  43.401  41.971  42.066  42.054  43.936  43.742
  41.501  44.856  42.941  42.787  42.350  44.619  42.933  44.027  45.181  43.254
  42.528  43.337  45.236  42.927  45.052  45.365  45.437  44.569  45.441  45.017
  42.851  45.141  44.694  43.633  46.699
  42.506  38.628  42.990  42.526  39.321  41.698  43.448  40.635  41.743  42.887
  41.673  42.801  43.729  42.970  42.822  43.430  44.048  43.892  43.916  43.596
  45.284  45.423  43.346  45.390  41.488  38.558  43.663  43.611  38.188  43.390
  41.511  39.659  41.424  42.922  38.575  40.978  43.615  41.086  40.742  44.427
  40.301  42.135  43.042  41.270  43.826  41.825  41.893  42.557  43.656  43.410
  41.800  44.784  42.636  42.707  42.343  44.273  43.967  44.059  44.930  43.639
  43.427  42.607  45.446  43.728  44.365  46.065  45.948  44.271  45.051  45.870
  42.618  44.682  45.774  43.085  46.412
  43.229  38.658  42.727  43.603  39.691  41.627  43.266  41.146  41.915  44.002
  41.689  43.205  43.457  43.017  43.729  44.184  43.828  44.848  45.596  44.228
  44.428  46.253  45.392  45.119  41.991  38.604  42.996  44.087  38.018  43.384
  43.133  39.297  40.703  44.707  39.666  41.451  42.153  41.103  41.976  43.525
  41.841  41.088  45.094  41.564  43.026  43.793  40.940  43.997  42.406  42.942
  44.074  43.376  43.762  42.911  44.248  43.367  45.856  43.618  44.776  44.958
  45.698  44.499  43.357  46.259  43.344  44.536  46.355  45.288  46.222  45.597
  46.293  45.110  47.165  45.748  44.590
  43.262  38.287  43.003  43.174  38.982  41.621  42.702  40.503  41.611  43.310
  41.378  42.730  42.928  42.787  42.691  43.903  43.739  43.471  43.727  43.397
  44.979  44.367  44.500  45.839  42.206  38.140  43.696  44.394  37.855  43.313
  42.485  38.476  40.902  44.180  38.919  41.144  41.601  40.371  41.698  42.892
  41.040  40.658  44.419  41.279  42.623  43.179  40.913  43.724  41.857  42.872
  42.972  43.041  43.130  41.640  43.489  44.765  43.356  44.968  43.516  43.246
  44.345  42.502  45.213  42.677  43.193  45.294  45.321  44.779  45.343  44.628
  44.117  46.848  43.698  45.393  45.762
  43.522  38.581  42.820  43.830  39.243  41.455  43.306  40.696  41.319  43.977
  41.556  42.257  43.312  42.939  42.255  43.856  43.914  43.242  43.792  43.567
  44.776  44.079  44.788  45.589  42.367  38.606  43.268  44.544  38.132  43.444
  43.300  38.609  40.713  44.929  39.232  41.294  42.214  40.829  41.501  43.537
  41.053  40.283  45.074  41.586  42.112  43.828  41.158  43.283  42.253  42.682
  42.442  43.473  43.306  41.212  43.342  44.881  43.056  44.939  44.029  43.029
  44.545  42.771  44.960  42.768  43.166  44.917  44.918  45.344  45.126  44.228
  44.443  46.638  43.217  45.481  45.495
  42.499  38.316  43.196  42.411  38.872  41.817  43.361  40.141  41.758  43.110
  41.227  42.823  43.925  42.510  42.675  43.625  43.665  43.732  43.534  43.247
  45.241  44.814  43.376  46.095  41.470  37.847  43.667  43.574  38.397  43.799
  41.355  39.083  41.537  42.803  38.187  41.035  43.349  40.645  40.769  44.400
  39.766  41.838  43.262  40.764  43.818  42.041  41.534  42.766  43.694  42.962
  41.676  45.011  42.307  42.635  42.579  43.937  43.458  44.153  44.584  43.400
  42.973  42.321  45.471  42.918  44.015  45.763  45.524  42.626  45.678  44.510
  43.158  47.145  45.314  44.333  45.869
  42.906  38.380  43.290  43.006  38.836  41.842  42.562  40.313  41.670  43.376
  41.256  42.520  42.989  42.694  42.383  43.604  43.787  43.214  43.234  43.804
  44.695  43.733  45.159  45.307  41.781  38.130  43.825  44.024  38.196  43.848
  42.317  38.185  41.268  44.006  38.698  41.367  41.493  40.333  41.955  42.647
  40.647  40.617  44.469  41.220  42.327  43.329  41.033  43.610  41.916  42.926
  42.257  43.294  42.947  41.347  43.376  44.759  42.746  44.719  43.808  43.170
  43.404  42.889  45.297  42.135  43.827  44.808  43.193  46.014  44.855  44.841
  45.228  45.221  43.605  45.098  46.415
  43.343  38.648  42.890  43.510  39.415  41.634  43.882  40.874  41.852  43.128
  41.683  42.931  43.796  43.024  43.230  43.069  43.725  44.355  43.415  45.210
  44.711  44.736  45.278  45.508  42.232  38.707  43.462  44.301  37.981  43.309
  42.579  39.445  41.043  44.349  38.957  41.055  43.862  41.455  40.914  44.961
  40.889  42.097  42.854  41.337  43.944  42.223  42.087  42.427  43.760  43.781
  42.424  44.864  42.981  43.507  42.991  43.083  45.260  42.003  43.899  44.072
  42.575  45.639  45.301  43.563  45.853  43.819  44.657  44.656  46.422  44.860
  46.323  45.871  45.645  44.990  44.945
  43.067  38.402  43.017  42.872  39.049  41.688  43.460  40.454  41.541  43.050
  41.530  42.568  44.062  42.706  42.594  44.156  43.318  44.017  45.202  44.455
  44.107  45.193  45.117  45.422  42.031  38.299  43.758  44.218  38.033  43.364
  41.792  39.029  41.441  43.370  38.381  40.950  43.389  40.806  40.491  44.570
  40.403  41.552  43.230  41.123  43.597  41.985  41.773  42.401  43.653  43.528
  41.967  45.063  42.541  42.143  44.681  42.466  44.501  43.172  43.484  44.509
  44.909  45.228  43.368  46.202  44.039  43.876  45.294  44.363  46.220  44.187
  45.551  45.591  45.950  45.933  45.489
  42.768  38.549  43.099  42.563  39.219  41.756  43.313  40.523  41.525  43.423
  41.566  42.675  43.892  43.045  42.273  43.662  44.013  43.397  44.642  43.859
  44.570  44.390  45.026  45.520  41.773  38.638  43.874  43.913  38.070  43.326
  41.505  39.411  41.460  42.914  38.454  41.034  42.860  41.036  40.646  44.362
  40.391  41.196  44.030  41.063  43.458  42.402  41.692  43.085  43.224  43.253
  41.407  44.954  43.135  41.970  42.609  43.945  43.749  43.733  45.026  42.963
  45.702  43.818  44.256  44.506  42.927  45.168  44.453  46.027  45.046  44.979
  44.934  46.447  43.320  45.056  45.825
  42.722  38.539  43.174  42.634  39.148  41.767  43.443  40.443  41.628  42.751
  41.612  42.295  43.566  42.868  42.583  42.760  43.773  43.431  43.678  44.946
  43.987  42.966  45.706  45.077  41.650  38.319  43.788  43.880  38.343  43.618
  41.562  39.397  41.670  42.869  38.458  40.927  43.567  40.619  40.539  44.496
  40.238  41.911  42.511  41.190  43.291  41.787  41.922  41.832  43.918  43.404
  41.680  44.490  42.647  43.147  42.420  43.205  44.317  41.863  44.178  42.926
  43.855  45.662  43.154  44.657  44.502  44.271  42.112  46.199  44.560  43.568
  46.527  45.518  42.672  44.990  45.878
  42.611  38.551  43.464  42.822  39.069  42.053  42.496  40.579  41.877  43.243
  41.406  42.868  43.104  42.934  42.595  43.847  43.911  43.589  43.649  43.616
  45.082  44.756  44.156  46.069  41.553  38.040  43.803  43.546  38.782  44.281
  42.194  38.469  41.362  43.907  38.932  41.822  41.402  40.772  41.995  42.750
  40.829  40.831  44.350  41.278  42.889  42.833  41.222  43.881  42.003  43.084
  42.643  43.445  43.089  41.548  43.684  44.982  43.393  44.932  43.718  43.451
  43.814  42.533  45.248  42.659  43.906  45.493  44.646  43.709  47.083  44.683
  45.255  46.179  45.729  43.886  45.625
  43.399  38.632  43.165  43.577  39.267  41.787  43.043  40.702  41.696  43.947
  41.713  42.462  43.528  43.186  42.696  44.643  44.195  43.052  45.332  44.074
  44.433  44.507  43.995  45.658  42.193  38.628  43.658  44.375  38.113  43.774
  42.996  38.687  41.039  44.633  39.190  41.440  42.070  40.832  42.215  42.876
  41.131  40.689  44.996  41.706  42.103  44.044  41.286  43.475  42.653  43.199
  43.385  43.168  43.613  41.741  44.343  45.267  43.077  45.456  44.042  42.306
  46.098  44.869  44.400  45.798  43.064  44.314  43.748  43.193  45.532  44.019
  44.986  45.787  45.254  43.891  46.480
  43.272  38.555  43.691  43.810  38.995  42.394  43.274  40.395  41.827  43.372
  41.472  42.893  42.893  42.926  42.415  43.761  43.952  43.114  43.390  44.113
  44.659  44.162  45.343  45.226  42.058  38.469  43.792  44.076  38.269  44.596
  43.545  38.203  41.661  44.911  39.147  42.407  42.211  40.290  41.532  43.929
  40.491  40.939  44.445  41.516  43.150  42.785  41.226  43.799  41.801  43.089
  42.519  43.144  42.987  41.328  43.410  44.884  42.623  44.833  43.718  42.993
  43.740  43.202  45.179  42.286  44.075  44.761  44.053  45.472  46.319  43.771
  46.255  44.725  45.249  45.295  44.987
  42.827  38.645  42.812  43.064  39.345  41.536  42.588  40.867  41.501  43.272
  41.690  42.678  42.767  43.128  42.609  43.647  43.964  43.535  43.067  45.342
  43.861  43.784  46.029  44.983  41.644  38.400  43.106  43.821  38.281  43.536
  42.436  38.835  40.774  44.157  39.280  41.349  41.494  40.923  41.699  42.904
  41.285  40.521  44.372  41.630  42.541  42.974  41.346  43.692  41.687  43.092
  42.888  42.817  43.389  41.528  44.685  44.039  43.139  43.714  43.374  44.466
  42.030  45.154  44.229  42.960  45.964  42.944  44.871  46.172  44.764  43.572
  45.399  45.871  43.381  47.057  45.144
  42.790  38.437  43.121  42.747  39.147  41.829  43.522  40.471  41.762  42.840
  41.497  42.679  43.506  42.866  42.658  43.553  43.545  44.063  44.288  44.912
  44.043  44.021  45.786  45.233  41.738  38.172  43.747  43.919  38.070  43.554
  41.713  39.265  41.441  43.312  38.448  41.173  43.588  40.730  40.686  44.533
  40.213  42.147  42.862  41.084  43.714  41.785  41.558  42.334  42.854  43.492
  42.006  44.538  42.774  42.263  43.830  42.781  44.820  42.524  43.811  44.358
  44.057  45.362  43.054  45.373  44.655  44.099  44.060  45.259  46.215  43.019
  46.274  45.206  44.608  46.725  45.216
  42.885  38.233  42.888  42.716  38.881  41.523  43.414  40.303  41.476  42.676
  41.247  42.427  43.466  42.472  42.782  42.863  43.211  43.995  43.455  44.637
  44.166  44.938  44.718  44.628  41.868  38.013  43.545  44.047  37.970  43.229
  41.642  38.882  41.247  43.349  38.255  40.866  43.334  40.620  40.409  44.485
  40.232  41.765  42.390  40.729  43.375  41.709  41.587  41.998  43.473  43.041
  41.835  44.487  42.195  43.119  43.157  42.618  44.890  41.787  43.174  43.741
  42.801  45.235  44.844  43.348  45.048  43.143  45.300  45.766  44.650  45.555
  44.150  43.908  45.178  44.352  45.652
  43.279  38.415  43.078  43.541  39.070  41.709  42.986  40.504  41.632  43.778
  41.345  42.566  43.364  42.764  42.320  44.223  43.857  43.049  44.298  43.588
  44.532  45.076  44.782  45.171  42.102  38.163  43.403  44.292  38.200  43.771
  43.097  38.336  41.006  44.620  39.058  41.459  41.895  40.575  41.857  43.160
  40.942  40.626  44.829  41.262  42.213  43.593  41.011  43.613  42.343  42.895
  42.750  43.260  42.970  41.236  43.743  44.822  42.786  45.183  43.863  42.486
  44.818  42.621  44.664  43.319  43.558  45.057  44.398  45.650  45.289  45.964
  44.972  44.540  45.432  44.376  46.144
  43.210  38.463  43.133  43.242  39.077  41.760  42.964  40.643  41.640  43.727
  41.559  42.635  43.238  43.031  42.583  44.314  44.008  43.163  44.541  43.748
  44.676  45.708  44.643  45.133  42.055  38.306  43.691  44.236  37.849  43.571
  42.416  38.575  41.217  44.166  38.773  41.223  41.874  40.824  41.734  43.343
  40.930  40.642  44.799  41.471  42.361  43.608  41.184  43.664  42.224  43.075
  43.032  43.047  43.272  41.514  43.775  44.966  43.088  45.210  44.116  42.507
  44.828  42.707  44.927  43.646  43.998  45.287  46.326  44.726  44.207  46.120
  44.167  46.056  45.346  45.623  45.500
  43.026  38.268  42.947  43.137  39.017  41.549  42.740  40.532  41.527  43.499
  41.419  42.546  42.904  42.792  42.615  43.719  43.844  43.421  43.846  43.431
  44.895  44.723  44.362  45.777  41.870  38.269  43.449  44.085  37.872  43.526
  42.466  38.491  40.825  44.136  38.794  41.137  41.649  40.709  41.673  42.976
  41.067  40.579  44.525  41.436  42.114  43.642  40.857  43.495  41.878  42.786
  43.056  42.863  43.025  41.536  43.408  44.905  43.467  44.757  43.765  43.031
  44.268  42.414  45.024  42.801  43.220  45.232  44.292  45.383  45.759  45.738
  44.468  45.333  44.885  43.984  46.813
  43.241  38.435  43.024  43.651  39.104  41.765  43.215  40.566  41.520  43.579
  41.460  42.725  43.052  42.863  42.461  43.748  44.014  43.201  43.734  43.785
  44.729  44.725  44.678  45.441  42.035  38.361  43.333  44.194  38.018  43.739
  43.310  38.531  40.880  44.759  38.988  41.722  42.107  40.618  41.436  43.615
  40.956  40.561  44.666  41.392  42.920  43.040  41.091  43.632  42.000  42.948
  42.797  43.070  43.036  41.365  43.352  45.036  42.992  44.812  43.980  42.874
  43.939  42.729  44.988  42.714  43.981  45.111  44.739  44.585  46.545  44.470
  45.760  45.301  45.736  44.463  45.040
  43.375  38.446  43.070  43.704  38.774  41.663  43.266  40.157  41.274  43.775
  41.340  42.178  43.100  42.746  41.978  43.795  43.935  42.688  43.951  43.759
  44.222  44.970  44.627  44.898  42.158  38.620  43.474  44.231  38.026  43.835
  43.161  38.015  41.067  44.776  38.698  41.367  42.155  40.222  41.278  43.534
  40.299  40.199  44.854  41.427  41.920  43.728  41.069  43.250  42.038  42.683
  42.295  43.088  42.945  40.879  43.162  44.836  42.568  44.772  44.155  42.206
  44.194  42.680  44.382  42.962  43.842  44.722  44.595  45.653  45.099  45.958
  44.707  44.417  45.188  44.181  45.892
  43.212  38.684  42.972  43.380  39.163  41.640  42.974  40.692  41.412  43.727
  41.684  42.328  43.071  43.076  42.348  43.784  44.019  43.286  43.539  43.848
  44.749  44.112  44.950  45.663  42.041  38.682  43.510  44.210  38.318  43.601
  42.738  38.612  40.914  44.416  39.072  41.243  41.930  40.770  41.759  42.912
  41.055  40.357  44.780  41.777  41.992  43.769  41.330  43.381  41.984  42.906
  42.547  43.120  43.410  41.290  43.433  45.033  42.958  44.872  44.010  43.087
  43.870  42.846  45.097  42.435  43.782  44.852  43.721  45.933  45.345  45.209
  45.022  45.500  43.893  44.747  46.728
  43.349  38.086  43.108  43.618  38.503  41.703  42.959  39.890  41.488  43.495
  40.904  42.495  42.907  42.274  42.202  43.497  43.441  42.987  43.400  43.228
  44.588  43.780  44.466  45.356  42.216  38.167  43.544  44.358  37.706  43.828
  43.153  37.764  41.025  44.691  38.534  41.418  41.849  39.840  41.413  43.223
  40.196  40.453  44.588  41.104  42.438  43.092  40.649  43.506  41.815  42.264
  42.375  43.059  42.447  41.116  42.993  44.389  42.698  44.572  43.627  42.750
  44.116  42.417  44.879  42.344  42.914  44.736  43.708  44.263  46.455  43.104
  45.325  45.173  44.827  44.753  45.121
  43.184  38.331  42.865  43.395  38.910  41.472  42.833  40.374  41.188  43.386
  41.390  42.243  42.772  42.839  42.238  43.935  43.754  42.771  44.168  43.581
  44.311  45.216  44.516  44.978  42.010  38.163  43.298  44.147  37.844  43.498
  42.877  38.239  40.753  44.486  38.950  41.263  41.727  40.256  41.231  43.083
  40.647  40.143  44.477  41.400  42.015  43.415  41.049  43.293  41.821  42.922
  42.798  42.572  43.084  41.166  43.672  44.833  42.778  44.932  43.605  42.306
  44.388  42.550  44.671  43.201  43.946  44.696  45.130  44.480  46.079  44.915
  45.540  44.656  46.265  44.332  44.668
  42.910  38.164  42.899  42.975  38.674  41.548  43.566  40.106  41.483  42.817
  41.182  42.276  43.595  42.446  42.277  43.281  43.327  43.541  43.912  44.703
  43.421  43.597  45.582  44.666  41.857  38.218  43.552  44.021  37.727  43.365
  41.969  38.779  41.093  43.570  38.031  40.856  43.545  40.289  40.392  44.643
  40.000  41.718  42.686  40.805  43.313  41.781  41.303  41.889  43.420  43.157
  41.449  44.683  42.235  42.240  43.699  42.851  44.460  42.181  43.378  43.703
  43.675  45.319  42.531  44.998  44.475  43.416  42.521  45.867  44.636  44.251
  46.486  44.557  43.833  44.912  45.520
  43.473  38.276  43.303  43.389  38.844  41.861  43.810  40.370  41.760  43.148
  41.307  42.762  43.818  42.652  42.820  43.921  43.268  44.240  44.479  44.713
  44.172  44.716  45.399  45.519  42.385  38.309  43.908  44.628  37.923  43.709
  42.392  38.647  41.438  44.052  38.198  41.242  43.572  40.599  40.700  44.906
  40.404  41.902  43.203  40.910  43.802  42.067  41.538  42.663  43.336  43.280
  42.051  44.865  42.603  42.446  44.602  42.546  44.745  42.912  43.353  44.692
  43.831  45.372  43.554  45.470  44.634  43.678  43.787  45.663  46.077  45.201
  46.366  45.278  45.427  44.764  46.098
  42.973  38.276  43.245  43.040  38.538  41.797  43.842  39.841  41.507  43.027
  41.099  41.911  43.305  41.507  43.307  43.394  43.025  43.344  43.662  43.496
  44.764  43.322  44.964  45.159  41.857  38.097  43.791  44.100  38.178  43.778
  42.030  38.558  41.324  43.610  37.643  41.466  44.078  39.971  40.426  44.810
  39.837  42.039  41.968  40.878  41.649  43.228  42.028  41.341  44.290  41.179
  43.697  42.512  40.982  43.870  42.492  43.476  42.885  44.273  43.324  42.733
  44.701  43.270  45.076  43.202  42.809  45.509  44.095  45.370  45.851  42.312
  45.006  45.617  43.324  45.575  44.231
  43.620  38.314  42.999  43.638  38.835  41.595  43.926  40.384  41.417  43.060
  41.217  42.327  43.166  42.700  42.167  42.365  43.408  43.225  42.613  44.953
  43.376  42.004  45.638  44.681  42.528  38.056  43.579  44.744  38.280  43.543
  42.699  38.547  41.080  44.435  38.241  41.093  43.650  40.645  40.376  45.015
  40.583  41.549  43.084  40.882  43.394  42.017  41.040  42.014  42.849  42.851
  41.110  44.240  42.996  42.205  42.489  43.040  44.265  41.302  43.282  42.919
  42.308  45.438  42.425  43.698  45.035  43.584  42.132  46.734  44.597  42.728
  45.532  45.517  40.971  45.284  44.916
  43.627  38.116  43.429  43.873  38.365  41.979  44.105  39.896  41.758  42.940
  40.693  42.245  43.317  42.205  42.230  42.625  42.803  43.431  42.769  44.311
  43.540  42.088  44.998  44.727  42.489  37.745  43.792  44.629  38.190  44.181
  43.060  38.006  41.307  44.869  37.916  41.798  44.360  40.117  40.700  44.948
  40.204  42.413  42.595  40.430  43.263  42.108  40.531  41.522  43.069  42.712
  41.273  44.403  42.404  42.366  43.175  42.402  44.309  41.584  42.426  43.516
  42.441  44.830  42.611  43.833  44.516  43.776  42.718  45.867  45.025  42.198
  44.326  45.599  41.038  45.384  44.649
  43.305  38.108  43.281  43.121  39.109  42.134  42.967  40.601  42.523  44.275
  41.402  42.639  44.091  42.882  42.978  43.768  43.275  44.495  44.991  43.060
  45.302  45.002  43.547  46.768  42.287  37.877  44.050  44.392  37.544  43.410
  42.229  38.730  41.602  43.979  39.089  41.422  42.369  40.767  43.440  42.302
  41.048  41.750  44.813  41.246  41.690  44.960  40.963  43.391  43.301  43.239
  42.280  45.010  43.346  42.570  42.925  42.583  44.722  43.386  44.313  44.484
  45.890  43.520  44.833  45.078  41.957  45.361  44.801  44.644  46.837  45.867
  43.262  47.402  44.246  43.002  47.377
  43.277  38.264  43.375  43.431  39.034  42.135  43.193  40.496  42.299  44.312
  41.447  42.739  43.604  42.795  43.079  44.525  43.945  43.667  44.958  43.715
  45.147  45.560  44.975  45.936  42.131  38.321  43.916  44.285  37.620  43.815
  42.583  38.625  41.543  44.386  38.800  41.611  42.357  40.711  42.993  42.869
  40.921  41.319  45.059  41.672  41.953  44.821  40.968  43.605  42.711  42.645
  43.716  43.042  43.218  42.225  43.898  44.866  43.623  45.394  44.219  43.044
  45.714  42.917  45.003  44.070  43.471  45.765  44.856  45.829  45.774  46.548
  45.305  45.537  45.557  44.764  47.026
  43.081  38.250  43.080  42.929  38.795  41.693  43.598  40.105  41.434  43.265
  41.211  42.489  43.865  42.613  42.309  43.291  43.491  43.388  44.249  43.377
  44.639  43.911  44.503  45.591  42.020  38.197  43.762  44.201  37.883  43.477
  41.851  38.892  41.435  43.404  38.061  41.008  43.305  40.536  40.456  44.708
  39.984  41.354  43.599  40.766  43.450  42.157  41.340  42.538  43.356  42.959
  41.382  44.949  42.701  42.096  42.214  43.365  43.625  43.349  44.570  43.131
  45.289  43.461  44.265  44.027  42.386  45.093  42.809  44.619  45.722  44.377
  45.464  45.260  44.350  44.195  46.562
  43.070  37.787  43.467  43.240  38.307  42.060  43.053  39.811  42.018  43.979
  40.684  42.880  43.331  41.905  43.643  44.466  42.763  44.244  43.855  43.925
  45.042  44.964  44.652  45.626  41.885  37.893  43.969  44.076  37.431  44.136
  42.357  37.896  41.524  44.256  38.025  41.726  41.984  40.051  42.195  43.216
  40.176  40.977  44.742  41.179  42.244  44.471  40.030  43.642  42.681  41.448
  44.416  42.674  42.452  42.933  45.081  43.124  43.391  45.121  42.172  44.908
  43.046  43.502  45.672  43.372  44.559  44.272  45.574  45.303  44.956  45.621
  43.926  46.142  44.611  45.358  46.406
  43.015  38.026  43.362  42.932  38.582  41.963  43.593  39.949  41.908  43.281
  40.913  43.042  43.779  42.396  42.944  43.555  43.232  44.219  44.399  44.567
  44.294  44.819  44.945  45.672  41.965  37.816  44.015  44.133  37.756  43.864
  41.895  38.765  41.600  43.360  37.876  41.220  43.318  40.461  40.965  44.697
  39.825  41.960  43.692  40.514  43.984  42.175  40.968  43.185  43.507  43.031
  42.064  44.880  42.251  42.816  44.002  42.655  45.053  42.466  43.416  44.355
  43.858  45.444  43.880  45.350  44.318  43.786  45.339  44.081  46.125  43.945
  45.235  46.282  45.432  45.868  45.522
  43.544  38.048  43.000  43.827  38.605  41.651  43.423  40.061  41.537  43.702
  41.002  42.711  43.131  42.484  42.511  43.969  43.402  43.379  43.896  43.244
  44.940  44.648  44.421  45.510  42.345  38.120  43.418  44.477  37.552  43.652
  43.273  37.959  40.945  44.898  38.459  41.374  42.333  40.170  41.315  43.942
  40.437  40.635  44.809  41.092  42.752  43.298  40.581  43.658  42.079  42.483
  42.867  43.089  42.777  41.441  43.692  44.460  43.141  45.013  43.282  43.020
  44.223  42.262  45.355  42.883  43.405  45.357  44.185  45.417  45.361  45.648
  44.488  45.018  44.761  44.296  46.612
  43.279  38.341  43.080  43.744  38.722  41.666  43.160  40.091  41.352  43.623
  41.129  42.386  43.330  42.573  41.980  43.698  43.580  43.062  43.286  43.331
  44.548  43.857  44.322  45.582  42.112  38.280  43.415  44.271  38.240  43.864
  43.493  37.881  40.989  44.836  38.857  41.834  42.050  40.097  41.293  43.626
  40.429  40.404  44.726  41.069  42.510  43.070  41.007  43.332  42.228  42.642
  41.846  43.892  42.899  41.089  43.309  44.603  42.847  44.806  43.716  43.130
  43.575  42.341  44.967  42.198  43.424  44.724  43.197  45.219  45.594  44.916
  44.625  45.442  43.924  43.917  46.624
  42.949  38.666  42.782  43.352  39.490  41.552  42.968  40.992  41.547  43.374
  41.784  42.797  42.778  43.190  42.724  42.918  43.982  44.021  44.245  44.051
  44.762  44.323  45.345  45.595  41.771  38.755  43.187  43.807  38.026  43.361
  42.887  38.946  40.704  44.444  39.439  41.350  41.869  41.091  41.426  43.464
  41.440  40.651  44.481  41.744  42.888  42.897  41.314  43.685  41.720  43.195
  42.398  43.389  43.702  41.949  42.171  43.671  44.791  42.647  45.012  43.721
  45.026  43.988  43.980  44.290  43.059  45.252  43.750  45.293  46.538  43.947
  46.190  44.977  45.401  45.499  45.820
  43.110  38.867  43.096  43.389  39.665  41.797  42.719  41.064  41.735  43.295
  42.179  42.684  42.742  43.585  42.367  42.879  44.617  43.445  44.325  44.645
  44.001  44.667  45.811  44.914  41.922  38.808  43.490  44.085  38.388  43.681
  42.916  39.099  40.976  44.498  39.735  41.710  41.624  40.996  41.914  42.776
  41.524  40.721  44.404  42.135  42.742  42.941  42.030  43.734  41.655  43.392
  42.242  43.187  43.920  41.413  42.169  44.494  44.292  42.607  45.533  42.889
  45.084  44.675  43.192  44.483  43.657  44.493  45.773  45.859  44.997  44.155
  45.634  45.885  44.372  46.796  44.504
  42.764  38.395  42.970  42.628  38.951  41.585  43.446  40.200  41.296  42.918
  41.578  41.827  43.635  42.030  43.107  43.622  43.542  43.401  43.955  43.906
  44.856  43.582  45.351  45.165  41.763  38.289  43.739  43.951  38.152  43.338
  41.540  39.143  41.418  42.993  38.183  40.870  43.383  40.370  40.198  44.507
  40.045  41.579  41.819  41.447  41.826  43.003  42.392  41.069  44.722  41.817
  43.024  43.203  41.494  43.973  42.591  43.899  43.220  44.201  44.193  42.711
  45.025  43.656  45.044  43.414  43.242  45.559  44.178  46.149  44.660  43.657
  45.532  46.256  42.510  45.518  44.910
  42.819  38.725  42.926  42.817  39.364  41.527  43.195  40.908  41.559  42.101
  41.768  42.165  42.627  43.180  42.510  43.741  43.187  43.564  43.951  44.542
  44.294  44.654  44.500  45.672  41.741  38.570  43.563  43.969  38.385  43.417
  41.830  39.367  41.018  43.602  38.816  40.966  43.518  41.382  40.602  44.075
  41.002  42.224  41.761  41.305  43.110  41.247  41.901  41.452  41.790  43.720
  42.986  43.041  43.812  41.685  44.693  42.897  43.078  43.455  42.460  44.346
  42.901  44.866  44.387  44.477  45.261  43.626  44.060  44.158  46.546  44.899
  45.517  46.049  45.590  43.899  45.662
  42.950  38.581  43.356  42.808  39.101  41.920  43.510  40.503  41.676  42.705
  41.658  42.256  43.419  42.951  41.869  43.332  43.977  43.004  44.429  43.667
  44.015  44.283  44.338  45.380  41.892  38.347  43.928  44.087  38.349  43.853
  41.789  39.047  41.489  43.479  38.456  41.309  43.676  40.710  40.589  44.558
  40.600  42.026  42.761  41.658  43.374  41.635  41.489  42.020  42.967  43.402
  40.960  44.483  42.734  41.667  42.344  43.965  43.506  43.605  44.968  42.598
  45.379  44.024  43.540  44.576  42.583  44.202  45.252  44.170  45.902  43.425
  43.929  45.944  44.065  45.427  45.369
  43.224  38.348  43.063  43.275  38.695  41.630  42.637  40.146  41.476  43.129
  41.318  42.382  42.671  42.730  42.030  43.315  43.899  42.765  43.234  43.758
  44.249  44.041  44.792  44.954  42.115  38.402  43.669  44.335  38.062  43.621
  42.514  38.011  41.191  44.303  38.564  41.257  41.573  39.971  41.761  42.820
  40.423  40.418  44.238  41.281  42.267  42.828  41.078  43.420  41.557  42.738
  42.027  42.955  42.849  40.971  42.782  44.816  42.439  44.383  43.992  42.476
  43.614  42.757  44.513  42.188  43.780  44.620  43.807  45.829  44.634  45.124
  44.698  44.721  43.920  44.583  46.039
  42.866  38.896  43.057  42.964  39.401  41.711  42.591  40.868  41.615  43.397
  41.783  42.572  42.797  43.205  42.533  43.651  44.255  43.200  43.648  44.204
  44.744  44.549  45.234  45.447  41.794  38.909  43.679  43.890  38.407  43.569
  42.313  38.841  41.016  44.014  39.340  41.353  41.511  40.930  41.850  42.706
  41.103  40.536  44.450  41.635  42.251  43.359  41.390  43.610  41.803  43.184
  43.024  42.693  43.523  41.471  43.216  45.223  42.871  44.727  44.092  42.963
  43.964  43.177  45.029  42.622  44.249  45.166  45.433  45.175  44.774  44.786
  44.979  46.504  44.056  46.223  45.343
  43.267  38.569  42.989  43.737  39.195  41.684  43.054  40.573  41.418  43.444
  41.631  42.556  43.429  43.058  42.116  44.122  43.972  43.224  44.049  43.493
  44.753  44.768  44.311  45.819  42.032  38.439  43.145  44.135  38.243  43.810
  43.451  38.419  40.942  44.843  39.204  41.670  41.951  40.420  41.393  43.357
  40.973  40.431  44.523  41.478  42.784  42.996  41.494  43.565  42.386  43.406
  41.986  44.005  43.252  41.191  43.572  44.928  43.108  45.207  44.112  43.058
  44.477  42.472  44.826  42.996  43.565  45.105  45.869  44.304  45.715  44.479
  43.993  46.840  44.284  45.311  45.814
  42.925  38.050  43.286  43.342  38.415  41.852  44.114  39.724  41.688  43.159
  40.868  42.014  43.858  42.175  42.329  42.981  43.453  42.217  43.149  44.412
  43.408  42.707  43.836  44.687  41.695  37.992  43.579  43.905  37.779  44.091
  42.489  38.196  41.179  44.086  37.637  41.549  44.679  39.905  40.745  44.789
  39.797  42.564  42.387  40.595  42.764  42.645  41.080  41.043  44.665  42.356
  41.587  44.328  42.089  43.339  41.939  43.120  42.037  43.283  43.951  41.270
  42.695  45.393  43.136  44.254  44.524  43.487  41.641  43.531  44.604  42.799
  44.573  45.519  43.295  42.951  45.008
  43.139  38.713  43.092  43.211  39.440  41.746  43.705  40.961  41.969  42.884
  41.749  42.959  43.585  43.116  43.271  42.776  43.830  44.328  43.460  45.173
  44.712  44.969  45.168  45.211  42.072  38.779  43.706  44.182  38.209  43.472
  42.233  39.365  41.220  44.003  38.909  41.174  43.861  41.495  41.007  44.761
  40.905  42.310  42.868  41.135  43.887  41.840  41.844  42.615  43.581  43.828
  42.413  44.578  43.026  43.761  42.610  43.158  45.201  41.760  44.093  43.972
  42.827  45.700  45.456  43.477  45.713  43.739  44.958  45.380  46.298  45.652
  45.883  44.693  45.432  44.164  45.261
  43.110  38.299  43.021  43.030  39.042  41.720  43.413  40.554  41.614  42.810
  41.463  42.680  43.092  42.937  42.331  43.262  43.702  43.742  43.353  45.226
  43.486  43.070  46.050  44.691  42.017  38.277  43.618  44.201  37.772  43.386
  41.982  38.962  41.356  43.632  38.419  41.017  42.836  40.972  40.769  44.496
  40.800  41.494  43.292  41.262  43.658  41.736  41.316  42.925  42.282  43.407
  41.735  44.061  43.135  41.836  44.142  43.387  44.346  42.383  43.424  44.356
  42.799  45.598  42.596  44.378  45.376  43.082  42.075  45.820  45.134  43.139
  47.150  44.545  43.830  45.816  45.465
  43.031  38.111  43.048  43.067  38.576  41.644  43.856  39.918  41.367  43.279
  41.167  42.015  44.165  42.441  41.978  43.485  43.713  42.459  43.170  43.787
  43.948  43.093  45.186  44.631  41.888  38.143  43.609  44.044  37.712  43.679
  42.003  38.682  41.328  43.390  37.735  40.983  43.958  40.051  40.265  44.897
  39.796  41.714  43.096  41.027  43.105  42.296  41.334  41.525  44.544  42.551
  40.937  45.082  42.258  42.577  42.513  43.706  41.935  44.172  44.536  42.142
  44.030  43.255  44.424  42.390  43.070  44.253  42.031  45.496  44.598  43.657
  46.011  44.128  43.432  45.027  45.670
  43.407  38.650  43.112  43.668  39.218  41.737  43.405  40.712  41.577  43.934
  41.671  42.673  43.592  43.175  42.347  43.164  43.924  43.585  44.278  44.094
  44.765  43.682  45.020  45.834  42.205  38.651  43.560  44.335  38.037  43.699
  42.916  38.595  41.208  44.705  38.887  41.495  42.298  40.833  41.585  43.744
  41.144  40.604  45.045  41.600  42.660  43.518  41.262  43.620  42.697  43.164
  41.696  44.384  43.750  41.826  42.271  43.451  44.049  42.804  44.945  43.358
  45.188  44.526  44.306  44.377  43.047  45.151  42.844  44.405  46.236  43.347
  46.030  45.519  44.399  45.094  46.681
  43.012  38.038  42.957  43.438  38.816  41.695  42.885  40.232  41.744  43.021
  40.943  43.120  42.871  42.440  42.984  43.034  43.164  44.291  44.429  43.167
  44.916  44.504  44.003  46.157  41.826  37.944  43.361  44.007  37.649  43.630
  43.049  38.276  40.809  44.548  38.925  41.726  41.809  40.344  41.477  43.485
  40.835  41.033  43.918  40.538  43.636  42.139  40.693  43.742  41.865  42.689
  42.582  43.611  42.821  42.240  42.313  42.688  44.983  42.714  44.204  44.055
  45.241  43.518  44.251  44.700  42.108  45.119  45.541  44.266  46.442  44.065
  43.386  46.973  43.864  44.910  46.036
  43.281  38.880  42.853  43.693  39.374  41.452  42.587  40.333  40.836  42.379
  41.678  41.629  43.686  42.488  41.631  43.590  43.902  42.287  43.365  43.823
  43.791  43.203  45.172  44.487  42.094  38.974  43.321  44.250  38.379  43.472
  43.859  38.516  40.766  44.682  39.856  41.600  41.584  39.849  40.898  42.716
  40.594  39.760  41.993  41.408  42.641  41.662  42.370  41.147  43.917  42.583
  40.547  44.498  41.932  42.153  42.701  44.332  41.776  44.494  44.408  41.887
  44.243  43.374  44.303  42.457  43.231  44.024  44.221  45.617  44.477  42.962
  45.068  45.570  42.542  45.806  43.860
  42.833  38.411  43.459  42.863  39.049  42.125  43.421  40.437  42.132  42.359
  41.533  42.484  42.979  42.932  42.786  43.319  43.007  44.297  44.119  44.371
  44.582  44.603  44.512  45.945  41.685  38.478  44.050  43.868  37.841  43.933
  41.808  39.007  41.776  43.484  38.411  41.455  43.831  40.631  41.123  44.230
  40.362  42.900  41.895  41.228  43.441  41.648  41.493  41.632  42.271  43.712
  42.463  43.901  43.052  42.175  43.884  42.065  44.486  42.372  43.057  44.871
  43.453  45.198  44.267  45.019  44.438  43.934  45.213  43.674  46.328  43.770
  44.467  46.675  44.952  45.542  46.164
  42.573  38.641  42.956  42.719  39.455  41.730  43.512  40.872  41.805  42.656
  42.046  42.320  43.390  43.381  42.559  43.198  43.871  44.068  43.752  45.298
  44.342  45.258  45.277  44.570  41.635  38.911  43.754  43.471  37.702  43.168
  41.700  39.605  41.302  43.273  38.809  41.015  43.820  41.144  40.777  44.447
  40.709  42.378  42.357  41.566  43.278  41.710  42.190  41.748  42.949  44.177
  41.918  44.423  43.394  42.156  43.625  43.133  44.783  42.119  43.835  44.308
  43.217  45.630  45.261  43.546  46.026  43.517  45.523  44.673  45.459  45.629
  46.305  44.796  45.861  44.744  43.798
  42.838  38.425  43.377  43.077  38.710  41.944  43.586  40.138  41.715  42.569
  41.264  42.050  42.942  42.679  41.659  43.849  43.409  42.599  43.201  43.590
  43.926  43.780  44.851  44.640  41.645  38.328  43.878  43.920  38.419  44.069
  42.205  38.473  41.307  43.797  37.930  41.647  43.954  40.197  40.671  44.486
  40.293  42.353  42.466  41.172  43.161  41.624  40.993  41.541  42.038  43.321
  41.621  43.210  42.608  40.579  44.102  44.425  42.200  44.866  42.969  42.676
  43.457  42.674  44.491  42.094  43.630  43.844  43.282  44.971  45.623  43.602
  45.713  43.966  44.863  44.673  44.835
  43.372  38.601  43.453  43.788  39.092  42.013  43.098  40.450  41.668  43.739
  41.643  42.497  43.162  43.015  42.119  43.682  44.129  43.046  43.572  43.952
  44.557  44.056  45.231  45.238  44.326  38.555  44.229  42.183  38.290  43.649
  43.490  38.267  41.334  44.885  39.252  42.041  41.988  40.376  41.713  43.346
  40.651  40.597  44.841  41.632  42.377  43.411  41.383  43.536  42.056  42.957
  42.254  43.391  43.298  41.072  43.182  45.084  42.783  44.711  44.498  42.864
  44.253  43.134  44.874  42.495  43.737  44.765  45.154  45.371  45.118  43.903
  45.230  46.343  43.449  46.085  44.894
  43.460  38.290  43.091  43.707  38.890  41.702  43.127  40.332  41.425  43.426
  41.461  42.561  42.903  42.891  42.178  43.233  44.059  43.192  42.755  43.922
  44.629  43.728  43.205  45.588  44.369  37.723  43.702  42.307  38.384  43.547
  43.351  38.252  40.874  44.789  38.858  41.447  42.036  40.159  41.334  43.506
  40.640  40.420  44.539  41.501  42.634  42.967  41.095  43.504  41.811  42.751
  42.265  43.202  43.183  41.149  42.729  44.915  42.696  44.315  44.298  43.076
  41.711  43.530  44.629  42.673  45.004  44.888  44.738  43.636  45.401  43.707
  42.103  45.485  43.498  43.474  46.647
  43.363  38.525  42.940  43.426  39.087  41.506  42.927  40.542  41.308  43.663
  41.464  42.293  43.114  42.879  42.345  43.885  43.912  43.224  43.629  43.696
  44.781  44.562  44.638  45.556  44.448  38.125  43.380  42.310  38.493  43.578
  42.890  38.343  40.873  44.441  38.879  41.135  41.821  40.617  41.392  43.051
  40.955  40.281  44.762  41.494  42.130  43.493  41.105  43.323  42.076  42.949
  42.736  42.963  43.254  41.314  43.470  44.931  43.083  44.966  43.877  42.965
  43.795  42.684  45.186  42.544  43.856  44.950  44.664  45.586  44.981  45.542
  44.133  45.505  44.269  44.684  46.629
  43.464  38.186  43.191  43.649  38.567  41.736  43.203  39.977  41.325  43.739
  41.121  42.196  43.151  42.545  41.861  43.651  43.721  42.710  43.231  43.580
  44.197  43.680  44.678  45.218  44.498  37.929  43.854  42.294  38.023  43.656
  43.045  37.851  41.132  44.718  38.397  41.494  42.093  40.007  41.291  43.493
  40.198  40.271  44.840  41.012  42.033  43.462  40.950  43.258  42.094  42.345
  42.140  43.360  42.741  40.785  43.094  44.610  42.360  44.725  43.957  42.589
  43.756  42.663  44.526  42.165  43.268  44.211  44.769  44.854  45.131  43.418
  44.445  46.274  43.291  45.620  44.781
  43.387  38.094  43.099  43.612  38.697  41.665  43.105  40.158  41.442  43.841
  41.217  42.280  43.088  42.541  42.256  43.723  43.522  43.303  43.741  42.985
  44.793  44.768  43.635  45.712  44.439  37.761  43.721  42.208  38.057  43.536
  43.251  38.015  40.855  44.711  38.611  41.599  42.052  40.181  41.812  42.998
  40.303  40.354  44.882  41.316  41.917  43.825  40.859  43.332  42.110  42.188
  42.649  42.910  43.014  41.264  43.037  44.392  43.346  44.741  43.732  42.916
  43.906  41.893  44.883  42.696  43.126  45.148  45.224  44.522  45.216  45.609
  42.931  45.859  44.332  44.123  46.615
  43.781  38.226  42.840  44.038  38.911  41.483  43.495  40.328  41.291  43.997
  41.355  42.325  43.498  42.742  41.965  43.892  43.812  43.034  43.658  43.533
  44.557  44.387  44.451  45.414  44.726  37.787  43.463  42.583  38.280  43.211
  43.543  38.195  40.799  45.128  38.954  41.274  42.381  40.350  41.276  43.793
  40.779  40.325  45.105  41.442  42.265  43.724  40.850  43.274  42.422  42.855
  41.749  43.881  43.023  40.959  43.417  44.788  42.780  45.009  43.798  42.998
  44.079  42.544  44.839  42.562  43.610  44.721  44.120  44.139  46.446  44.065
  45.518  45.333  45.475  44.238  45.344
  43.328  38.480  42.886  43.578  39.051  41.565  43.008  40.478  41.240  43.450
  41.449  42.298  42.970  42.858  41.962  43.771  43.860  42.738  43.479  43.772
  44.254  44.303  44.770  44.982  44.307  38.120  43.579  42.179  38.415  43.303
  43.095  38.339  40.863  44.671  39.149  41.363  41.901  40.421  41.188  43.226
  40.822  40.208  44.557  41.495  42.330  43.074  41.095  43.287  41.895  43.078
  42.121  43.293  43.134  40.932  43.538  44.856  42.330  44.851  43.757  42.503
  43.648  42.751  44.667  42.404  44.002  44.423  45.370  44.597  44.729  44.285
  44.755  46.086  44.014  45.805  44.688
  42.942  38.671  43.298  43.542  39.103  41.924  42.994  40.457  41.446  43.448
  41.549  42.359  42.902  42.968  42.100  43.604  44.080  42.966  43.346  43.857
  44.496  43.761  45.002  45.434  43.737  38.725  44.267  41.767  38.289  43.287
  43.348  38.317  41.167  44.644  39.053  42.062  41.883  40.490  41.388  43.345
  40.706  40.416  44.541  41.621  42.150  43.475  41.313  43.445  41.807  43.055
  42.233  43.103  43.147  41.018  43.160  45.060  42.681  44.664  44.002  42.679
  43.835  42.926  44.875  42.248  43.804  44.664  43.160  45.932  45.477  44.701
  45.350  44.951  43.954  44.591  46.441
  43.111  38.552  42.754  43.115  39.104  41.327  42.732  40.618  41.114  43.470
  41.540  42.136  42.884  42.955  42.154  43.639  43.884  43.067  43.615  43.537
  44.618  44.106  44.669  45.530  44.190  38.016  43.103  42.129  38.692  43.534
  42.465  38.522  40.642  44.173  39.006  40.982  41.684  40.824  41.437  42.752
  41.066  40.091  44.540  41.634  41.867  43.549  41.063  43.145  41.780  42.972
  42.299  42.952  43.359  41.116  43.272  44.927  42.948  44.717  43.957  42.809
  44.207  42.605  44.678  42.586  43.271  44.954  43.988  44.421  46.601  43.537
  45.585  45.241  45.174  44.874  45.277
  43.343  38.619  43.039  43.422  39.308  41.640  42.948  40.752  41.537  43.584
  41.715  42.559  42.867  43.125  42.637  43.563  44.121  43.521  43.455  43.829
  45.113  44.264  44.753  46.022  44.309  38.025  43.519  42.177  38.743  43.530
  42.869  38.702  40.906  44.470  39.268  41.274  41.856  40.784  41.742  43.081
  41.138  40.506  44.683  41.763  42.374  43.561  41.206  43.547  41.879  42.899
  43.100  42.693  43.442  41.584  43.087  45.112  43.345  44.637  44.180  43.244
  43.768  42.763  45.183  42.370  43.830  45.328  45.154  45.058  45.433  44.691
  44.157  46.860  43.829  45.745  46.269
  42.575  38.261  43.372  42.606  38.693  41.946  42.573  40.289  41.742  43.510
  41.264  42.526  42.979  42.661  42.664  43.859  43.510  43.703  43.766  42.964
  45.132  44.724  43.591  46.119  43.694  38.164  43.975  41.456  38.206  43.975
  41.707  38.296  41.432  43.545  38.377  41.445  41.509  40.603  41.822  42.716
  40.378  40.639  44.482  41.275  41.993  43.770  40.673  43.429  41.943  42.703
  43.085  42.870  43.143  41.676  43.537  44.569  43.694  44.918  43.398  43.355
  44.078  41.894  45.091  42.697  43.065  45.430  44.496  44.681  46.110  45.748
  43.431  45.712  44.629  43.172  47.143
  43.777  38.058  42.956  43.960  38.719  41.579  43.112  39.973  41.273  43.774
  41.163  42.020  42.680  42.172  42.365  43.198  43.437  43.116  43.514  43.197
  44.580  44.230  44.411  45.312  44.785  37.511  43.500  42.591  38.062  43.466
  43.650  37.925  40.863  45.058  38.805  41.420  42.098  39.788  41.693  43.060
  40.217  40.188  44.608  41.567  41.407  44.233  40.805  42.967  41.882  41.775
  43.022  42.154  42.496  41.442  42.347  44.149  43.159  44.132  43.731  42.596
  44.012  42.210  44.725  42.507  43.122  45.039  45.273  44.552  44.956  44.352
  44.129  46.374  43.598  45.331  45.315
  43.128  38.499  42.923  43.601  39.203  41.746  43.027  40.647  41.779  43.339
  41.499  42.962  42.963  42.998  42.704  43.645  44.032  43.489  43.734  43.574
  45.029  44.435  44.676  45.802  43.931  38.057  43.741  41.912  38.358  43.210
  43.465  38.670  40.779  44.699  39.253  41.877  41.934  40.546  41.640  43.421
  41.169  40.876  44.432  41.601  43.111  42.890  41.116  43.906  41.859  43.018
  42.800  43.240  43.065  41.634  43.198  45.053  43.428  44.695  44.191  43.142
  44.284  42.614  45.173  42.665  43.486  45.322  43.781  45.571  45.745  45.470
  44.867  45.452  44.569  44.427  46.874
  43.398  37.974  43.261  43.672  38.398  41.927  43.153  39.818  41.655  43.752
  40.913  42.619  43.195  42.260  42.459  43.706  43.463  43.273  43.391  43.373
  44.801  43.810  44.691  45.394  44.436  37.693  43.979  42.262  38.106  43.737
  43.173  37.732  41.192  44.750  38.252  41.699  42.060  39.742  41.832  43.230
  40.094  40.575  44.855  40.949  42.505  43.590  40.596  43.675  42.098  42.285
  42.591  43.372  42.443  41.369  43.178  44.355  42.892  44.797  43.507  43.057
  43.984  42.502  45.155  42.313  43.121  44.875  44.869  44.849  45.122  43.761
  44.654  46.506  43.205  45.554  45.050
