Cpptraj Generated trajectory                                                    
  50.910  46.670  54.710  51.440  45.510  53.800  51.310  44.090  54.370  51.530
  43.030  53.260  51.040  41.640  53.560  51.840  41.030  54.700  53.150  40.310
  54.500  53.670  39.780  55.810  54.090  38.610  55.780  53.720  40.590  56.760
  49.920  46.460  55.150  50.690  47.600  54.140  51.700  47.040  55.400  52.470
  45.790  53.520  50.860  45.520  52.850  50.310  43.950  54.830  52.060  43.970
  55.180  52.600  43.040  52.960  51.040  43.310  52.310  51.360  41.130  52.620
  49.940  41.540  53.680  51.200  40.170  55.000  51.760  41.810  55.490  53.830
  41.060  54.060  53.000  39.430  53.830
  52.579  46.177  52.666  51.782  44.872  52.258  52.320  43.574  52.835  51.358
  42.432  52.470  51.799  40.993  52.933  53.253  40.762  52.537  53.795  39.486
  53.234  53.966  39.583  54.698  55.131  39.394  55.202  52.952  39.724  55.420
  53.649  46.025  52.412  52.429  46.391  53.748  52.088  46.892  51.978  51.785
  44.839  51.148  50.702  44.964  52.503  52.480  43.753  53.917  53.324  43.300
  52.456  51.261  42.431  51.362  50.356  42.697  52.889  51.189  40.223  52.428
  51.666  40.978  54.038  53.957  41.566  52.818  53.274  40.610  51.439  54.809
  39.272  52.834  53.173  38.582  53.043
  53.655  46.346  51.899  52.346  45.565  52.276  52.536  44.214  52.870  51.246
  43.395  53.079  51.554  41.888  53.411  52.299  41.741  54.694  52.904  40.356
  54.632  53.501  39.999  56.014  54.350  39.071  56.072  53.083  40.630  57.033
  54.136  46.614  52.860  53.431  47.290  51.353  54.382  45.772  51.279  51.842
  45.507  51.284  51.768  46.150  53.026  52.957  44.496  53.861  53.226  43.727
  52.136  50.694  43.400  52.114  50.605  43.873  53.854  52.201  41.587  52.568
  50.662  41.224  53.355  51.546  41.884  55.503  53.063  42.516  54.894  53.630
  40.313  53.788  52.045  39.720  54.335
  52.554  46.232  53.220  51.475  46.045  54.352  51.634  44.832  55.258  51.242
  43.513  54.555  51.050  42.365  55.518  50.967  40.971  54.817  52.261  40.249
  54.409  53.118  39.741  55.520  53.530  38.527  55.380  53.538  40.496  56.413
  52.665  45.271  52.691  53.515  46.638  53.622  52.065  46.955  52.539  50.481
  45.981  53.877  51.322  46.944  54.989  50.982  44.873  56.161  52.708  44.719
  55.531  52.008  43.278  53.780  50.342  43.671  53.926  50.065  42.490  56.017
  51.992  42.317  56.110  50.451  41.061  53.832  50.387  40.208  55.383  52.801
  40.955  53.731  52.024  39.356  53.777
  51.644  45.934  54.326  51.441  44.474  53.789  50.941  43.433  54.816  50.563
  42.091  54.217  51.720  41.195  53.749  52.345  40.442  54.920  53.657  39.650
  54.539  54.216  38.970  55.719  54.907  37.962  55.543  54.010  39.448  56.862
  50.709  46.249  54.853  51.712  46.710  53.534  52.389  45.990  55.154  52.453
  44.080  53.553  50.827  44.410  52.861  50.175  43.941  55.440  51.793  43.252
  55.507  49.863  42.323  53.385  49.954  41.491  54.928  52.422  41.843  53.178
  51.265  40.505  53.010  51.595  39.651  55.123  52.628  41.092  55.769  54.452
  40.336  54.188  53.310  38.915  53.781
  54.519  45.787  51.724  53.331  46.364  52.464  53.180  45.709  53.845  52.131
  44.599  53.896  52.240  43.740  55.118  51.182  42.631  55.189  51.182  41.833
  56.518  52.451  41.080  56.686  52.702  40.008  56.037  53.125  41.549  57.682
  55.429  46.183  52.226  54.587  46.189  50.690  54.548  44.687  51.582  52.429
  46.184  51.844  53.332  47.463  52.616  52.907  46.495  54.594  54.111  45.206
  54.189  52.339  43.993  52.990  51.086  44.956  53.755  51.866  44.375  55.951
  53.263  43.332  55.210  51.327  41.999  54.283  50.146  42.987  55.039  50.390
  41.062  56.431  50.966  42.450  57.413
  51.975  45.600  52.737  52.461  44.357  53.500  51.253  43.493  53.983  50.800
  42.249  53.189  51.784  41.065  53.271  52.131  40.472  54.665  53.267  39.381
  54.647  53.721  39.089  56.052  54.559  38.180  56.140  53.323  39.765  57.016
  51.453  45.303  51.804  52.800  46.287  52.441  51.212  46.213  53.264  52.992
  44.733  54.389  53.151  43.699  52.923  50.390  44.189  54.073  51.493  43.034
  54.968  50.783  42.594  52.134  49.781  41.974  53.514  52.747  41.329  52.775
  51.320  40.214  52.732  51.242  40.030  55.160  52.405  41.353  55.278  54.166
  39.688  54.078  52.814  38.462  54.211
  53.215  46.663  52.099  52.610  45.259  52.038  52.110  44.878  53.439  51.365
  43.501  53.485  52.359  42.296  53.407  52.692  41.661  54.802  53.681  40.504
  54.681  54.008  39.774  55.991  54.499  38.651  55.814  53.734  40.331  57.067
  54.050  46.563  52.824  52.498  47.359  52.580  53.515  46.991  51.080  53.323
  44.516  51.609  51.715  45.379  51.400  51.365  45.679  53.623  53.006  44.910
  54.097  50.549  43.318  52.756  50.908  43.222  54.459  53.185  42.625  52.744
  51.820  41.435  52.943  51.775  41.289  55.316  53.125  42.469  55.418  54.703
  40.842  54.410  53.319  39.697  54.005
  51.512  46.259  54.091  52.245  44.975  53.653  51.495  43.826  54.325  51.747
  42.537  53.594  50.834  41.347  54.066  51.222  40.740  55.447  52.720  40.305
  55.427  53.265  39.650  56.670  54.052  38.661  56.503  52.969  40.142  57.774
  50.453  46.173  53.789  51.938  47.160  53.586  51.580  46.546  55.163  53.301
  45.022  53.997  52.322  44.855  52.557  50.387  43.894  54.288  51.719  43.728
  55.409  52.816  42.252  53.638  51.492  42.749  52.536  50.916  40.514  53.332
  49.748  41.555  54.115  50.648  39.847  55.762  51.076  41.530  56.223  53.315
  41.234  55.352  53.109  39.546  54.711
  52.616  45.883  53.114  53.356  45.187  54.208  52.387  44.378  55.133  51.570
  43.200  54.579  52.403  42.006  54.138  53.097  41.266  55.294  54.141  40.239
  54.869  54.904  39.616  56.039  54.661  39.983  57.177  55.662  38.695  55.733
  51.971  46.617  53.643  51.853  45.237  52.633  53.245  46.300  52.303  53.915
  45.952  54.790  54.120  44.482  53.820  51.553  45.042  55.431  52.835  44.066
  56.100  50.959  43.497  53.699  50.930  42.752  55.361  53.153  42.317  53.386
  51.760  41.326  53.541  52.294  40.884  55.969  53.659  41.955  55.959  54.897
  40.654  54.181  53.652  39.355  54.405
  51.520  46.249  55.618  50.860  45.181  54.740  51.644  43.885  54.713  50.859
  42.878  53.841  51.347  41.416  53.790  52.726  41.328  53.099  53.096  39.936
  52.692  53.662  39.139  53.856  52.864  38.899  54.792  54.855  38.884  53.833
  51.430  46.108  56.717  51.107  47.245  55.356  52.603  46.313  55.375  50.683
  45.498  53.688  49.866  45.021  55.209  51.765  43.624  55.791  52.614  44.106
  54.220  51.053  43.194  52.793  49.824  43.048  54.200  50.640  40.781  53.218
  51.392  41.069  54.842  53.416  41.685  53.887  52.728  42.013  52.228  53.923
  39.964  51.958  52.205  39.416  52.271
  50.889  46.700  55.189  50.638  45.196  55.113  51.901  44.346  54.909  51.629
  42.949  54.459  52.741  42.323  53.615  52.294  40.981  53.071  53.465  40.189
  52.433  54.427  39.652  53.515  53.819  39.127  54.479  55.677  39.808  53.403
  51.378  47.041  54.250  51.427  47.088  56.070  49.891  47.190  55.209  50.089
  44.987  54.175  50.022  44.919  55.998  52.614  44.414  55.765  52.417  44.871
  54.084  50.763  43.076  53.785  51.320  42.377  55.359  53.651  42.242  54.248
  52.993  42.958  52.733  51.406  41.079  52.407  51.835  40.404  53.909  53.997
  40.847  51.703  53.079  39.296  51.903
  51.499  46.023  55.258  51.507  44.487  55.074  51.163  44.066  53.651  50.861
  42.564  53.326  51.991  41.659  53.690  51.830  40.203  53.261  53.228  39.482
  53.099  53.918  39.411  54.422  53.414  39.724  55.506  55.060  38.917  54.412
  51.231  46.357  56.286  50.764  46.513  54.591  52.447  46.522  54.959  50.766
  44.003  55.747  52.560  44.211  55.268  51.920  44.425  52.916  50.221  44.613
  53.420  50.660  42.512  52.242  49.957  42.057  53.719  52.167  41.644  54.786
  52.905  42.029  53.175  51.320  40.148  52.278  51.128  39.780  54.013  53.808
  39.960  52.286  52.927  38.453  52.797
  49.864  45.641  55.372  50.857  45.970  54.289  51.863  44.753  54.178  51.262
  43.384  53.625  52.338  42.325  53.600  51.798  40.937  53.172  52.992  39.984
  52.746  53.746  39.447  54.042  53.169  39.569  55.132  54.868  38.937  53.834
  49.610  44.566  55.314  48.986  46.281  55.135  50.235  45.922  56.381  51.477
  46.805  54.676  50.467  46.204  53.276  52.426  44.589  55.128  52.572  45.048
  53.381  50.759  43.521  52.651  50.422  43.085  54.284  52.586  42.231  54.686
  53.163  42.676  52.947  51.166  41.162  52.285  51.165  40.504  53.983  53.544
  40.548  51.971  52.602  39.061  52.268
  51.917  45.466  54.295  52.263  44.163  53.602  51.190  43.129  53.880  51.344
  41.937  52.944  52.741  41.337  52.888  52.860  39.839  52.443  54.257  39.222
  52.889  54.365  38.887  54.360  53.319  38.668  54.984  55.509  38.727  54.838
  52.031  45.398  55.396  50.853  45.749  54.112  52.526  46.313  53.915  53.265
  43.826  53.957  52.138  44.344  52.513  50.189  43.593  53.787  51.402  42.765
  54.905  51.288  42.377  51.919  50.632  41.121  53.198  53.113  41.333  53.933
  53.499  42.037  52.463  52.742  39.978  51.347  52.067  39.226  52.921  55.124
  39.806  52.525  54.283  38.240  52.366
  48.983  45.757  55.114  50.149  45.369  54.183  51.000  44.106  54.372  49.989
  42.819  54.354  50.552  41.461  54.120  51.343  41.396  52.738  51.772  39.975
  52.424  52.856  39.473  53.318  53.846  40.243  53.407  52.658  38.400  53.958
  48.585  46.727  54.726  49.430  45.762  56.135  48.062  45.136  55.110  50.801
  46.272  54.180  49.841  45.342  53.117  51.545  44.051  55.337  51.850  43.972
  53.675  49.221  43.029  53.578  49.556  42.852  55.374  49.695  40.754  54.111
  51.279  41.245  54.925  52.218  42.080  52.738  50.636  41.751  51.958  52.154
  39.914  51.383  50.934  39.247  52.416
  50.265  46.750  55.342  51.129  46.135  54.141  51.803  44.873  54.698  52.346
  43.883  53.583  52.247  42.380  53.960  52.777  41.472  52.875  52.481  40.024
  53.082  53.120  39.494  54.342  54.289  39.078  54.266  52.443  39.582  55.477
  51.003  47.120  56.082  49.693  45.950  55.865  49.677  47.586  54.908  51.892
  46.903  53.876  50.584  45.938  53.187  51.123  44.222  55.281  52.549  45.082
  55.509  53.413  44.074  53.302  51.854  43.972  52.597  51.167  42.168  54.061
  52.637  42.139  54.979  53.867  41.684  52.813  52.268  41.714  51.916  52.938
  39.436  52.264  51.394  39.843  53.254
  50.724  46.448  55.034  49.804  45.333  55.559  50.248  43.855  55.324  50.605
  43.342  53.926  50.933  41.836  54.075  51.555  41.143  52.803  52.193  39.664
  53.040  53.096  39.564  54.314  54.340  39.406  54.116  52.493  39.611  55.421
  50.274  47.464  55.021  51.083  46.237  54.004  51.698  46.511  55.580  48.889
  45.384  54.935  49.666  45.479  56.652  49.575  43.155  55.871  51.154  43.815
  55.957  51.478  43.939  53.571  49.699  43.573  53.311  50.053  41.250  54.409
  51.712  41.730  54.862  52.313  41.854  52.391  50.653  41.032  52.161  52.698
  39.285  52.130  51.296  39.029  53.213
  48.525  43.028  54.955  49.947  43.564  54.608  50.269  43.713  53.092  51.428
  42.880  52.530  51.294  41.325  52.396  52.716  40.694  51.968  52.966  39.295
  52.627  53.457  39.477  54.072  54.658  39.875  54.123  52.698  39.338  55.005
  47.769  43.799  54.709  48.518  42.875  56.054  48.295  42.100  54.391  50.732
  42.880  54.994  50.252  44.443  55.203  50.333  44.794  52.834  49.416  43.419
  52.443  52.224  43.039  53.298  51.702  43.174  51.493  50.495  40.965  51.708
  50.937  41.000  53.392  53.510  41.419  52.236  52.737  40.614  50.868  53.833
  38.998  52.004  52.096  38.618  52.498
  50.740  46.038  54.898  50.814  44.547  54.858  50.338  44.026  53.454  50.777
  42.549  53.250  52.178  42.525  52.723  52.508  41.119  52.139  52.232  39.931
  53.041  53.129  39.949  54.268  54.257  39.392  54.231  52.601  40.405  55.292
  51.266  46.571  55.722  49.668  46.307  54.998  51.151  46.452  53.956  50.200
  44.073  55.654  51.842  44.153  55.004  50.560  44.577  52.513  49.233  43.899
  53.462  50.064  42.078  52.535  50.668  42.027  54.224  52.976  42.828  53.435
  52.321  43.231  51.875  53.501  41.038  51.653  51.877  40.988  51.234  52.486
  38.949  52.578  51.173  39.811  53.370
  53.224  46.368  50.738  51.846  45.743  51.044  52.203  44.300  51.607  51.023
  43.365  52.091  51.446  41.987  52.651  52.415  41.086  51.733  52.654  39.779
  52.454  53.433  39.864  53.748  54.489  39.242  53.780  52.914  40.462  54.748
  53.906  46.325  51.607  53.093  47.354  50.236  53.619  45.667  49.974  51.241
  45.767  50.114  51.331  46.314  51.855  52.976  44.408  52.390  52.679  43.751
  50.767  50.350  43.136  51.240  50.371  43.707  52.932  50.549  41.373  52.888
  51.871  42.091  53.670  53.340  41.670  51.546  51.898  40.962  50.766  53.270
  39.203  51.732  51.711  39.217  52.670
  51.795  46.385  54.733  51.025  45.312  54.043  50.996  43.983  54.814  50.516
  42.848  53.926  51.600  42.192  53.022  51.172  40.877  52.485  52.237  40.009
  51.964  53.182  39.584  53.032  54.141  40.311  53.451  53.046  38.380  53.475
  51.362  46.587  55.744  51.684  47.289  54.102  52.813  46.028  54.996  51.358
  45.030  53.026  49.951  45.567  53.942  50.361  44.092  55.713  52.042  43.694
  55.086  49.601  43.037  53.312  50.277  42.041  54.656  52.433  41.962  53.719
  51.959  42.825  52.180  50.429  41.026  51.675  50.676  40.206  53.221  52.862
  40.557  51.226  51.812  39.127  51.431
  49.349  46.505  55.139  50.479  46.775  54.213  51.464  45.563  53.991  50.857
  44.461  53.171  51.792  43.263  52.941  51.976  42.253  54.126  52.472  40.827
  53.685  52.598  39.785  54.762  53.115  38.718  54.351  52.235  40.036  55.954
  48.647  45.805  54.624  48.815  47.437  55.416  49.765  46.015  56.040  51.001
  47.632  54.679  50.134  47.091  53.204  51.764  45.191  54.990  52.331  45.996
  53.440  50.475  44.909  52.237  49.971  44.149  53.775  52.755  43.496  52.431
  51.201  42.670  52.205  51.010  42.101  54.648  52.773  42.559  54.836  53.442
  40.920  53.141  51.695  40.541  52.945
  50.824  43.858  53.314  50.028  42.744  53.923  50.676  41.355  54.019  50.797
  40.645  52.643  51.710  39.404  52.751  53.129  39.742  52.280  54.006  40.362
  53.392  54.133  39.677  54.756  54.820  38.595  54.894  53.393  40.212  55.627
  50.696  43.758  52.219  51.892  43.917  53.629  50.412  44.895  53.383  49.110
  42.605  53.313  49.732  43.010  54.954  50.144  40.670  54.714  51.706  41.487
  54.409  51.217  41.299  51.837  49.755  40.413  52.323  51.357  38.617  52.055
  51.759  39.059  53.805  53.155  40.499  51.477  53.666  38.796  52.041  53.601
  41.387  53.562  55.017  40.482  52.951
  49.794  43.952  55.162  51.266  44.381  54.761  51.402  44.380  53.279  51.083
  43.003  52.599  52.313  42.088  52.835  52.277  40.857  51.988  53.404  39.890
  52.270  53.567  39.453  53.690  52.489  39.239  54.288  54.733  39.356  54.126
  49.046  44.141  54.370  49.643  44.487  56.127  49.790  42.858  55.386  51.950
  43.675  55.284  51.560  45.408  55.059  52.439  44.747  53.075  50.832  45.245
  52.890  50.999  43.193  51.503  50.163  42.484  52.965  52.451  41.854  53.917
  53.203  42.630  52.462  52.175  41.238  50.955  51.300  40.373  52.187  54.298
  40.382  51.856  53.134  38.931  51.770
  53.378  46.703  50.994  52.270  45.782  51.422  52.759  44.408  52.007  51.629
  43.440  51.962  52.080  42.096  52.642  52.786  41.056  51.745  52.835  39.617
  52.338  53.407  39.546  53.778  52.620  40.002  54.642  54.584  39.152  54.017
  53.814  46.368  50.029  54.283  46.713  51.642  53.054  47.759  50.849  51.725
  45.496  50.503  51.548  46.270  52.101  53.028  44.515  53.073  53.612  44.045
  51.403  51.373  43.119  50.933  50.776  43.803  52.566  51.147  41.539  52.852
  52.522  42.411  53.613  53.845  41.386  51.611  52.267  41.092  50.770  53.354
  38.866  51.705  51.795  39.302  52.551
  52.343  45.970  50.566  52.590  45.447  51.981  51.570  44.501  52.570  51.481
  43.101  51.845  50.641  42.044  52.521  51.071  41.592  53.968  52.191  40.471
  53.958  52.640  39.989  55.342  52.027  40.339  56.336  53.561  39.102  55.231
  52.260  45.183  49.792  53.072  46.738  50.244  51.328  46.408  50.500  52.652
  46.329  52.660  53.543  44.879  51.878  50.560  44.966  52.614  51.905  44.280
  53.602  52.459  42.591  51.731  51.063  43.199  50.816  50.708  41.252  51.741
  49.548  42.265  52.586  50.160  41.112  54.391  51.381  42.366  54.697  53.060
  40.878  53.406  51.774  39.551  53.487
  49.780  44.670  55.131  50.994  45.397  54.392  52.205  44.505  54.201  51.726
  43.111  53.510  52.980  42.202  53.353  52.814  40.938  52.491  53.988  39.998
  52.674  54.101  39.336  54.070  55.243  39.269  54.559  53.073  39.035  54.774
  50.063  44.119  56.048  49.310  43.949  54.434  48.986  45.362  55.469  51.401
  46.251  54.975  50.671  45.815  53.410  52.578  44.162  55.192  52.999  45.033
  53.632  51.286  43.369  52.522  50.917  42.529  53.996  53.308  42.062  54.403
  53.722  42.852  52.850  52.592  41.149  51.421  51.866  40.403  52.734  54.955
  40.436  52.331  53.814  39.115  52.031
  53.211  46.724  51.093  52.151  45.770  51.737  51.900  45.960  53.219  50.803
  44.916  53.729  51.236  43.472  54.005  50.225  42.391  54.488  50.759  40.954
  54.297  51.990  40.687  55.212  53.047  40.442  54.613  51.818  40.792  56.463
  54.164  46.534  51.638  52.815  47.761  51.020  53.359  46.450  50.023  52.423
  44.735  51.456  51.258  45.919  51.096  51.469  46.964  53.417  52.833  45.750
  53.794  49.907  44.926  53.069  50.403  45.259  54.697  52.137  43.532  54.649
  51.680  43.010  53.097  49.311  42.522  53.857  49.898  42.613  55.525  51.033
  40.584  53.284  49.947  40.285  54.653
  53.006  47.088  51.686  52.076  45.839  51.909  51.618  45.694  53.383  50.795
  44.384  53.502  51.616  43.067  53.790  50.657  42.087  54.611  51.219  40.680
  54.772  52.512  40.711  55.497  53.582  40.216  55.028  52.467  41.114  56.721
  53.384  47.156  50.645  53.967  46.938  52.221  52.541  48.059  51.985  52.593
  44.915  51.600  51.197  45.912  51.230  50.971  46.583  53.508  52.578  45.644
  53.936  50.357  44.265  52.490  49.985  44.545  54.244  52.445  43.216  54.511
  51.883  42.679  52.790  49.582  42.046  54.321  50.559  42.594  55.597  51.261
  40.283  53.739  50.523  40.010  55.336
  53.156  46.178  51.821  51.883  45.922  52.624  52.073  45.493  54.101  50.812
  44.927  54.712  50.638  43.384  54.379  51.535  42.464  55.265  51.846  41.124
  54.669  52.984  40.411  55.425  53.349  39.326  55.024  53.508  41.005  56.450
  53.015  46.096  50.729  54.014  45.548  52.136  53.401  47.239  52.028  51.302
  45.108  52.159  51.224  46.809  52.757  52.540  46.366  54.605  52.879  44.771
  54.352  49.990  45.613  54.419  50.808  45.061  55.815  50.921  43.302  53.315
  49.559  43.130  54.529  51.138  42.417  56.296  52.510  42.984  55.348  52.233
  41.302  53.637  50.959  40.464  54.763
  50.915  45.928  53.905  49.463  46.463  54.089  48.785  46.069  55.409  48.248
  44.673  55.642  49.119  43.534  55.245  50.449  43.213  55.986  51.121  41.937
  55.360  52.361  41.354  56.023  52.998  40.472  55.364  52.660  41.701  57.178
  50.910  44.857  53.582  51.438  46.167  54.848  51.367  46.549  53.103  48.768
  46.130  53.289  49.630  47.551  53.906  48.044  46.875  55.588  49.563  46.318
  56.152  47.374  44.598  54.960  47.854  44.631  56.676  49.418  43.524  54.173
  48.452  42.652  55.374  50.253  43.246  57.076  51.146  44.071  55.905  51.451
  42.322  54.372  50.364  41.127  55.344
  51.380  46.468  53.787  49.937  46.047  54.172  50.069  44.667  54.819  48.822
  44.065  55.326  48.778  42.540  55.209  49.917  41.772  55.948  51.247  41.599
  55.127  52.298  40.841  55.879  52.842  39.912  55.179  52.584  41.117  57.059
  51.372  47.462  53.297  51.925  45.680  53.227  51.983  46.516  54.716  49.291
  46.065  53.266  49.533  46.781  54.907  50.829  44.627  55.621  50.406  44.002
  53.996  47.961  44.551  54.828  48.679  44.318  56.402  48.751  42.205  54.150
  47.866  42.080  55.644  49.667  40.714  56.188  50.236  42.335  56.846  51.679
  42.617  55.020  50.953  41.084  54.188
  53.543  45.733  51.128  52.494  44.854  51.825  52.320  45.266  53.268  51.626
  44.247  54.189  51.911  42.706  53.952  51.087  41.876  55.001  51.591  40.404
  54.936  52.849  40.211  55.671  53.690  39.432  55.148  53.005  40.791  56.731
  53.323  46.781  51.407  53.409  45.623  50.032  54.586  45.509  51.422  52.871
  43.834  51.610  51.513  45.009  51.328  51.789  46.236  53.349  53.356  45.407
  53.646  50.557  44.283  53.894  51.714  44.474  55.268  52.995  42.517  54.135
  51.551  42.384  52.954  50.023  41.880  54.696  51.181  42.313  56.022  51.785
  40.089  53.894  50.902  39.699  55.459
  52.048  46.707  51.943  51.656  45.517  52.816  51.389  45.879  54.300  50.627
  44.799  55.156  51.303  43.416  55.017  50.452  42.387  55.656  51.162  41.030
  55.508  52.494  40.979  56.189  53.478  40.422  55.643  52.438  41.316  57.398
  51.193  47.420  52.004  52.203  46.564  50.851  52.917  47.261  52.372  52.340
  44.670  52.632  50.730  45.060  52.402  50.639  46.699  54.384  52.364  46.157
  54.744  49.565  44.759  54.845  50.709  45.063  56.238  52.320  43.548  55.443
  51.338  43.116  53.950  49.452  42.316  55.172  50.383  42.732  56.715  51.338
  40.813  54.432  50.547  40.176  55.850
  53.125  46.469  50.929  52.454  45.666  52.048  52.412  46.315  53.496  51.553
  45.392  54.469  51.962  43.911  54.789  50.847  43.009  55.363  51.275  41.574
  55.293  52.521  41.312  56.119  53.463  40.794  55.500  52.484  41.553  57.357
  54.111  46.721  51.367  52.651  47.470  50.840  53.245  45.914  49.970  52.853
  44.634  52.088  51.384  45.520  51.776  52.002  47.339  53.435  53.480  46.431
  53.787  50.507  45.446  54.091  51.429  45.765  55.513  52.827  43.928  55.487
  52.301  43.273  53.941  50.056  43.158  54.606  50.520  43.372  56.365  51.576
  41.255  54.273  50.532  40.920  55.807
  53.475  47.572  51.216  53.062  46.075  51.013  52.756  45.387  52.312  52.444
  43.859  52.205  51.867  43.247  53.536  51.685  41.722  53.416  51.450  41.172
  54.764  52.642  41.265  55.689  53.677  40.559  55.345  52.533  42.021  56.650
  54.447  47.622  51.752  52.621  48.090  51.714  53.579  47.975  50.191  53.959
  45.653  50.512  52.201  45.980  50.332  51.918  45.945  52.783  53.549  45.475
  53.085  53.350  43.336  51.817  51.603  43.701  51.509  50.997  43.813  53.947
  52.583  43.505  54.343  52.596  41.229  53.020  50.792  41.453  52.813  51.142
  40.105  54.711  50.604  41.656  55.299
  53.070  46.639  51.476  52.002  45.555  51.415  52.363  44.201  52.012  51.175
  43.242  52.136  51.540  41.960  52.946  52.901  41.276  52.527  52.901  39.777
  52.959  53.047  39.610  54.503  54.208  39.203  54.886  52.051  39.927  55.187
  52.781  47.684  51.207  53.926  46.334  50.842  53.347  46.783  52.542  51.729
  45.257  50.372  51.118  45.877  52.009  52.919  44.506  52.934  53.157  43.650
  51.459  50.827  43.038  51.097  50.500  43.957  52.655  50.673  41.291  52.820
  51.585  42.174  54.035  53.808  41.817  52.887  52.911  41.388  51.421  53.782
  39.256  52.527  51.969  39.269  52.620
  53.283  46.186  51.423  53.429  45.777  52.823  52.932  44.391  53.188  53.558
  43.203  52.464  53.376  41.907  53.171  54.198  40.801  52.566  53.967  39.455
  53.238  54.144  39.502  54.708  55.272  39.163  55.139  53.164  39.812  55.461
  52.258  46.021  51.013  54.022  45.578  50.857  53.507  47.266  51.274  52.900
  46.498  53.480  54.507  45.821  53.096  51.833  44.413  53.039  53.139  44.226
  54.274  54.669  43.304  52.410  53.126  43.105  51.437  52.302  41.645  53.114
  53.522  41.994  54.271  55.289  40.984  52.707  53.953  40.799  51.489  54.678
  38.743  52.776  52.936  39.078  53.116
  51.491  45.397  55.113  52.360  44.275  54.595  51.634  43.482  53.479  52.553
  42.610  52.550  52.977  41.269  53.260  53.945  40.528  52.436  54.109  39.062
  52.878  54.376  38.950  54.369  55.482  38.450  54.725  53.482  39.368  55.113
  50.430  45.063  55.239  51.374  46.141  54.296  51.866  45.988  55.978  52.490
  43.549  55.433  53.304  44.764  54.283  51.076  44.193  52.836  50.773  42.945
  53.921  53.408  43.253  52.271  51.933  42.339  51.673  52.045  40.720  53.500
  53.551  41.505  54.185  54.918  41.036  52.595  53.716  40.711  51.369  54.815
  38.474  52.257  53.094  38.618  52.791
  51.225  46.274  54.222  52.113  45.073  53.778  51.574  44.439  52.503  52.337
  43.269  51.997  52.185  41.973  52.849  52.854  40.709  52.285  52.732  39.572
  53.288  53.188  39.651  54.719  54.400  39.466  54.934  52.271  39.798  55.592
  51.001  46.839  53.296  51.594  46.930  55.032  50.220  45.940  54.554  52.027
  44.306  54.593  53.177  45.378  53.766  51.680  45.287  51.793  50.514  44.192
  52.698  53.428  43.380  51.794  51.712  43.007  51.122  51.092  41.838  52.960
  52.623  42.214  53.838  53.946  40.828  52.123  52.253  40.609  51.360  53.345
  38.719  52.916  51.678  39.204  53.306
  52.762  46.143  51.065  51.874  44.955  51.576  52.698  43.766  52.006  51.696
  42.716  52.430  52.365  41.532  53.188  53.325  40.761  52.305  53.817  39.413
  52.894  54.146  39.476  54.413  55.279  39.121  54.770  53.221  39.752  55.228
  53.253  45.924  50.084  53.569  46.243  51.813  52.176  47.080  50.970  51.030
  44.716  50.901  51.368  45.299  52.500  53.467  44.061  52.761  53.307  43.449
  51.134  51.199  42.233  51.562  50.935  43.097  53.151  51.591  40.896  53.661
  52.939  41.977  54.025  54.199  41.416  52.064  52.783  40.497  51.375  54.788
  39.221  52.393  53.063  38.619  52.721
  54.334  46.807  51.247  52.976  46.920  51.740  52.606  45.643  52.596  52.635
  44.334  51.794  52.023  43.191  52.722  52.574  41.785  52.291  52.263  40.483
  53.167  52.811  40.562  54.555  53.961  40.090  54.709  52.053  41.004  55.434
  54.563  47.818  50.861  54.355  46.133  50.355  55.027  46.278  51.935  52.267
  47.035  50.897  52.918  47.784  52.438  51.534  45.817  52.803  53.225  45.692
  53.523  53.655  44.119  51.425  52.067  44.303  50.838  50.922  43.198  52.584
  52.363  43.274  53.778  53.687  41.784  52.240  52.414  41.550  51.222  52.555
  39.549  52.619  51.180  40.348  53.344
  53.970  46.126  50.945  52.698  45.620  51.548  52.903  44.337  52.382  51.673
  43.440  52.448  51.828  42.143  53.249  52.561  41.005  52.506  52.531  39.636
  53.248  53.075  39.520  54.695  54.265  39.185  54.825  52.318  39.808  55.601
  53.813  47.014  50.296  54.525  45.464  50.256  54.660  46.386  51.773  52.078
  45.335  50.671  52.273  46.456  52.138  53.348  44.603  53.361  53.609  43.633
  51.877  51.404  43.192  51.395  50.840  44.039  52.883  50.790  41.892  53.550
  52.267  42.257  54.272  53.660  41.165  52.544  52.252  41.082  51.447  53.102
  38.951  52.599  51.553  39.128  53.130
  51.405  45.117  55.116  52.877  44.943  54.723  53.089  44.523  53.228  52.172
  43.267  52.865  52.623  41.819  53.257  53.979  41.451  52.768  54.460  39.993
  53.120  54.689  39.712  54.640  55.909  39.374  54.968  53.751  39.705  55.491
  51.013  45.986  54.544  51.505  45.371  56.193  50.777  44.203  55.076  53.331
  44.130  55.327  53.397  45.920  54.822  54.174  44.320  53.107  52.907  45.326
  52.490  52.190  43.409  51.758  51.092  43.408  53.116  51.792  41.171  52.878
  52.737  41.712  54.358  54.757  42.080  53.246  53.960  41.684  51.681  55.469
  39.950  52.649  53.774  39.208  52.751
  52.841  46.657  51.455  53.078  45.597  52.528  52.622  44.189  52.076  52.460
  43.157  53.175  52.214  41.750  52.641  53.456  40.973  52.071  53.557  39.530
  52.661  54.059  39.495  54.053  55.110  38.877  54.409  53.282  40.043  54.882
  53.551  46.668  50.604  52.855  47.655  51.938  51.774  46.593  51.130  52.496
  45.864  53.440  54.157  45.499  52.770  53.398  43.932  51.311  51.630  44.090
  51.590  51.658  43.589  53.813  53.335  43.155  53.862  51.490  41.680  51.800
  51.839  41.154  53.499  54.381  41.575  52.235  53.359  40.784  50.980  54.296
  38.973  52.032  52.589  38.981  52.619
  51.298  45.757  54.127  52.193  44.523  54.135  52.182  43.878  52.766  53.163
  42.727  52.526  53.103  41.544  53.537  53.831  40.321  52.966  53.294  39.039
  53.607  53.565  38.920  55.071  54.719  38.542  55.423  52.610  39.222  55.834
  50.220  45.505  54.237  51.335  46.385  53.213  51.496  46.322  55.060  51.854
  43.809  54.918  53.220  44.813  54.447  52.329  44.670  52.008  51.181  43.418
  52.626  54.198  43.150  52.524  53.013  42.251  51.536  52.039  41.234  53.554
  53.399  41.753  54.584  54.901  40.437  53.241  53.658  40.142  51.889  53.695
  38.169  53.045  52.187  39.041  53.468
  51.936  46.333  55.072  52.634  45.256  54.230  51.730  44.601  53.227  52.469
  43.455  52.493  52.551  42.150  53.311  53.430  41.015  52.720  53.079  39.553
  53.243  53.286  39.485  54.807  54.413  39.374  55.237  52.234  39.647  55.531
  52.547  46.662  55.937  51.032  45.837  55.497  51.520  47.181  54.492  53.023
  44.458  54.891  53.444  45.806  53.695  51.361  45.281  52.432  50.812  44.166
  53.673  53.422  43.847  52.057  51.936  43.192  51.562  51.516  41.762  53.326
  52.892  42.227  54.372  54.485  41.323  52.894  53.298  40.816  51.640  53.710
  38.761  52.789  52.015  39.338  53.023
  52.742  46.515  51.349  51.892  45.264  51.606  52.525  43.881  51.942  51.411
  42.833  52.127  51.819  41.499  52.869  53.044  40.777  52.400  53.116  39.390
  53.154  53.394  39.577  54.594  54.550  39.332  55.014  52.446  39.939  55.352
  52.105  47.421  51.294  53.359  46.475  50.421  53.405  46.723  52.218  51.394
  45.076  50.632  51.116  45.522  52.365  52.997  44.001  52.945  53.265  43.667
  51.153  51.044  42.524  51.123  50.506  43.177  52.665  50.988  40.766  52.777
  51.881  41.883  53.909  53.870  41.488  52.622  53.062  40.508  51.325  53.891
  38.807  52.619  52.152  38.860  53.003
  52.096  46.530  52.181  52.688  45.489  51.169  53.330  44.194  51.797  52.475
  42.995  52.029  53.094  41.864  52.884  52.263  40.522  52.881  53.030  39.415
  53.594  53.526  39.687  55.025  54.776  39.741  55.131  52.647  39.861  55.921
  52.933  46.947  52.780  51.380  46.105  52.921  51.523  47.343  51.683  53.434
  46.115  50.636  51.958  45.231  50.373  53.705  44.633  52.757  54.154  43.887
  51.117  51.987  42.511  51.150  51.598  43.474  52.506  53.433  42.367  53.807
  53.992  41.578  52.304  52.056  40.234  51.833  51.319  40.753  53.410  53.898
  39.133  52.964  52.426  38.500  53.772
  53.544  47.324  51.422  52.975  45.951  50.992  53.106  44.952  52.132  52.864
  43.394  51.687  52.977  42.547  52.927  52.823  41.063  52.582  53.718  40.036
  53.262  53.601  40.109  54.774  54.640  40.074  55.481  52.394  40.129  55.169
  53.428  47.952  50.503  54.585  47.238  51.790  52.895  47.775  52.200  53.438
  45.594  50.046  51.880  46.082  50.845  52.461  45.313  52.969  54.140  45.037
  52.519  53.626  43.105  50.938  51.836  43.259  51.260  52.226  42.845  53.686
  53.978  42.574  53.395  53.141  40.937  51.528  51.714  40.975  52.636  54.781
  40.217  52.999  53.359  39.039  52.928
  53.411  46.244  51.799  53.398  44.709  52.023  52.344  44.260  53.131  51.690
  42.857  53.032  52.685  41.679  52.841  51.969  40.279  52.897  52.966  39.110
  52.906  53.623  39.171  54.271  54.865  39.276  54.411  52.830  38.964  55.236
  54.184  46.541  51.067  53.742  46.684  52.767  52.432  46.672  51.500  54.447
  44.328  52.058  52.964  44.338  51.082  51.509  44.995  53.187  52.897  44.312
  54.091  50.962  42.918  52.193  51.118  42.673  53.965  53.525  41.740  53.565
  53.292  41.800  51.916  51.213  40.202  52.088  51.342  40.180  53.813  53.766
  39.124  52.139  52.391  38.172  52.708
  51.576  46.829  53.969  52.224  46.370  52.680  52.767  44.929  52.527  51.709
  43.888  52.528  52.274  42.476  52.406  51.118  41.443  52.490  51.579  40.040
  52.773  52.408  39.947  54.060  51.808  40.344  55.045  53.632  39.529  53.961
  51.454  47.941  53.955  52.318  46.730  54.789  50.602  46.350  54.233  52.990
  47.121  52.422  51.482  46.430  51.849  53.439  44.739  53.387  53.485  44.977
  51.670  51.163  44.020  51.571  50.939  43.902  53.338  52.939  42.485  53.302
  52.991  42.333  51.573  50.434  41.484  51.616  50.514  41.713  53.382  52.225
  39.648  51.956  50.646  39.446  52.841
  52.099  46.116  50.700  52.046  45.951  52.229  52.896  44.830  52.703  52.127
  43.447  52.614  52.939  42.231  52.936  51.994  41.045  52.788  52.781  39.721
  53.068  53.393  39.867  54.442  52.581  40.062  55.385  54.595  39.712  54.598
  51.321  46.841  50.385  51.919  45.155  50.162  53.074  46.551  50.408  50.996
  45.710  52.499  52.334  46.931  52.675  53.079  44.988  53.782  53.912  44.827
  52.248  51.638  43.307  51.626  51.185  43.404  53.205  53.320  42.403  53.958
  53.823  42.097  52.272  51.719  41.110  51.718  51.101  41.210  53.442  53.616
  39.720  52.329  52.061  38.875  53.031
  52.776  45.809  51.376  51.736  44.696  51.426  51.040  44.578  52.778  51.944
  43.911  53.852  52.584  42.516  53.620  51.626  41.348  53.296  52.377  40.000
  53.278  52.982  39.605  54.594  52.301  39.705  55.655  54.207  39.240  54.512
  53.611  45.592  52.081  52.346  46.777  51.731  53.034  45.934  50.303  52.103
  43.740  50.993  50.981  44.969  50.657  50.142  43.920  52.710  50.658  45.584
  53.052  51.360  43.787  54.789  52.791  44.592  54.083  53.129  42.101  54.498
  53.304  42.665  52.776  51.179  41.549  52.304  50.929  41.258  54.158  53.241
  40.075  52.569  51.722  39.161  52.960
  51.189  46.646  51.847  51.036  45.440  52.786  52.108  44.385  52.448  51.542
  42.976  52.672  52.462  41.762  52.464  51.713  40.413  52.494  52.512  39.217
  53.050  52.929  39.255  54.512  52.059  39.604  55.330  54.192  39.091  54.798
  51.095  46.410  50.764  52.130  47.204  52.047  50.407  47.372  52.181  50.028
  45.035  52.541  51.021  45.759  53.853  52.988  44.505  53.120  52.356  44.509
  51.374  50.641  42.785  52.049  51.306  42.901  53.756  53.165  41.824  53.319
  52.975  41.657  51.480  51.242  40.197  51.510  50.844  40.615  53.159  53.359
  38.986  52.365  51.805  38.359  52.969
  51.976  46.561  51.519  52.802  45.673  52.416  51.952  44.825  53.402  51.534
  43.536  52.764  52.603  42.422  52.882  52.161  41.000  52.707  53.294  40.037
  53.071  53.602  39.988  54.500  52.649  40.171  55.299  54.773  39.735  54.885
  51.023  46.021  51.325  52.503  46.807  50.573  51.607  47.496  51.994  53.530
  46.342  52.918  53.358  44.981  51.740  51.045  45.430  53.633  52.469  44.665
  54.373  51.359  43.597  51.669  50.582  43.164  53.208  53.066  42.454  53.893
  53.385  42.815  52.194  51.732  40.727  51.717  51.261  40.809  53.337  54.269
  40.248  52.567  52.930  39.003  52.868
  52.269  46.686  52.396  52.975  45.404  52.850  52.085  44.175  52.909  52.910
  42.991  52.437  52.130  41.631  52.605  52.893  40.413  52.251  54.200  40.042
  52.918  54.037  39.685  54.390  52.890  39.794  55.000  55.056  39.234  54.942
  51.343  46.718  53.007  52.091  46.664  51.303  52.900  47.568  52.638  53.172
  45.647  53.917  53.884  45.122  52.264  51.189  44.468  52.325  51.805  44.044
  53.974  53.773  43.006  53.126  53.171  42.962  51.359  51.185  41.673  52.016
  51.849  41.549  53.670  53.185  40.385  51.173  52.179  39.575  52.369  54.842
  40.947  52.960  54.851  39.256  52.480
  50.379  45.816  55.220  51.520  44.858  54.964  51.133  43.501  54.173  52.244
  42.791  53.391  51.808  41.538  52.697  52.936  40.758  52.111  53.406  39.547
  53.004  53.916  39.749  54.462  53.215  40.437  55.231  54.967  39.160  54.780
  49.678  45.276  55.894  49.757  46.072  54.331  50.636  46.763  55.753  52.033
  44.636  55.919  52.190  45.456  54.304  50.374  43.837  53.443  50.616  42.794
  54.853  53.090  42.530  54.063  52.759  43.383  52.595  51.177  41.755  51.806
  51.271  40.861  53.389  53.805  41.371  51.796  52.658  40.242  51.170  54.177
  39.063  52.374  52.522  38.875  53.106
  51.331  46.108  55.043  51.670  44.934  54.095  53.012  45.115  53.426  53.341
  43.858  52.535  53.314  42.509  53.285  53.993  41.439  52.540  53.883  40.096
  53.193  54.184  40.063  54.674  53.205  40.269  55.436  55.362  39.798  55.044
  50.420  45.988  55.671  51.114  47.036  54.476  52.230  46.414  55.615  50.801
  44.711  53.436  51.712  44.056  54.771  53.765  45.306  54.218  53.070  46.009
  52.757  54.381  43.945  52.173  52.562  43.848  51.740  52.263  42.219  53.470
  53.642  42.541  54.347  55.096  41.572  52.518  53.605  41.418  51.501  54.641
  39.433  52.721  52.857  39.717  53.043
  51.974  47.143  53.674  52.686  45.855  53.474  52.375  45.415  52.018  53.222
  44.282  51.558  52.982  42.942  52.344  53.808  41.792  51.834  53.414  40.356
  52.562  53.631  40.488  54.041  52.667  40.967  54.655  54.691  40.061  54.618
  50.886  46.947  53.540  52.414  47.838  52.922  51.962  47.674  54.642  52.274
  45.111  54.183  53.775  45.959  53.685  52.559  46.263  51.328  51.309  45.124
  52.020  54.301  44.529  51.674  52.917  44.080  50.509  51.904  42.684  52.248
  53.118  43.076  53.445  54.887  41.844  52.094  53.794  41.746  50.722  54.060
  39.524  52.227  52.334  40.234  52.300
  53.258  46.998  51.511  53.151  45.522  51.374  52.955  44.691  52.741  52.316
  43.322  52.547  53.306  42.242  52.173  52.665  40.863  52.239  53.612  39.827
  52.851  53.870  40.057  54.316  52.915  40.514  54.963  54.998  39.808  54.771
  52.259  47.337  51.857  53.295  47.429  50.492  54.055  47.379  52.182  54.053
  45.083  50.879  52.211  45.227  50.869  52.328  45.376  53.350  53.899  44.620
  53.319  51.496  43.308  51.794  51.830  42.951  53.475  54.209  42.236  52.815
  53.745  42.536  51.188  52.321  40.617  51.212  51.737  40.863  52.840  54.568
  39.903  52.306  53.256  38.775  52.895
  50.880  45.445  55.607  51.627  44.392  54.861  52.540  44.834  53.769  52.714
  43.761  52.673  53.509  42.501  53.007  53.055  41.153  52.469  53.985  40.015
  53.069  53.949  39.930  54.577  52.737  39.842  55.047  55.033  39.947  55.206
  50.232  44.892  56.322  50.297  46.006  54.856  51.522  46.240  56.046  50.859
  43.723  54.418  52.107  43.763  55.638  53.531  45.054  54.218  52.101  45.736
  53.296  53.223  44.343  51.880  51.701  43.488  52.291  53.601  42.442  54.105
  54.544  42.670  52.642  53.178  41.104  51.365  51.998  40.960  52.722  55.027
  40.085  52.690  53.527  39.033  52.821
  51.040  46.691  54.084  51.947  46.639  52.889  52.959  45.480  52.908  52.257
  44.121  52.790  53.248  42.924  52.796  52.699  41.474  52.906  53.879  40.419
  53.108  54.308  40.121  54.551  53.414  39.993  55.462  55.497  39.810  54.718
  50.570  47.680  54.276  51.501  46.426  55.059  50.274  45.908  53.916  52.582
  47.553  52.802  51.259  46.709  52.024  53.545  45.387  53.839  53.739  45.512
  52.108  51.635  44.004  51.873  51.653  43.996  53.708  53.913  43.124  53.670
  53.823  43.022  51.855  52.112  41.163  52.015  52.038  41.453  53.800  54.760
  40.647  52.475  53.404  39.484  52.745
  52.098  46.132  51.155  52.429  45.811  52.535  51.464  44.875  53.243  51.535
  43.414  52.641  52.814  42.609  52.900  52.576  41.196  52.387  53.638  40.126
  52.816  53.537  39.716  54.285  52.506  40.063  54.895  54.468  38.991  54.704
  52.670  45.428  50.514  52.445  47.134  50.807  51.008  46.152  50.945  52.505
  46.758  53.116  53.437  45.344  52.514  50.402  45.194  53.163  51.620  44.749
  54.333  51.222  43.284  51.580  50.828  42.782  53.220  53.063  42.581  53.990
  53.580  43.180  52.331  52.418  41.252  51.287  51.586  40.831  52.747  54.697
  40.438  52.677  53.491  39.121  52.354
  52.714  47.009  50.998  51.964  45.642  51.117  51.584  45.254  52.502  50.923
  43.847  52.723  51.946  42.654  52.816  51.333  41.177  53.049  52.247  40.014
  53.050  52.698  39.645  54.462  51.850  39.684  55.353  53.833  39.351  54.559
  53.629  47.128  51.605  52.053  47.864  51.255  52.986  47.135  49.928  52.658
  44.903  50.669  50.999  45.675  50.577  50.962  46.080  52.910  52.508  45.253
  53.111  50.329  43.627  51.811  50.244  43.813  53.597  52.703  43.008  53.547
  52.575  42.678  51.901  50.529  41.033  52.303  50.746  41.313  53.981  53.196
  40.230  52.525  51.672  39.231  52.520
  51.307  45.716  54.722  51.740  44.446  54.034  52.543  44.578  52.709  53.017
  43.151  52.244  51.984  41.981  52.281  52.533  40.505  51.998  53.963  40.209
  52.656  54.058  40.172  54.140  53.378  41.016  54.820  54.780  39.276  54.632
  50.664  46.378  54.096  52.210  46.369  54.732  50.771  45.542  55.684  50.821
  43.840  53.883  52.301  43.807  54.748  53.413  45.254  52.838  51.971  45.106
  51.917  53.869  42.996  52.937  53.422  43.146  51.213  51.195  42.133  51.510
  51.548  41.876  53.303  52.889  40.571  50.945  51.794  39.692  52.155  54.706
  40.938  52.271  54.320  39.322  52.100
  53.869  46.943  51.293  53.062  45.636  51.170  52.684  45.207  52.621  52.039
  43.849  52.675  53.113  42.780  52.832  52.599  41.285  52.744  53.604  40.103
  52.960  54.083  39.905  54.363  53.232  40.106  55.295  55.290  39.585  54.645
  54.394  47.268  50.370  54.520  46.872  52.195  53.125  47.682  51.659  53.704
  44.898  50.655  52.162  45.812  50.542  51.858  45.916  52.827  53.520  45.430
  53.313  51.360  43.761  51.802  51.481  43.844  53.642  53.831  42.999  53.646
  53.793  42.796  51.954  52.059  41.138  51.789  51.799  41.188  53.513  54.434
  40.260  52.242  53.083  39.139  52.787
  52.509  46.535  51.000  52.962  46.065  52.346  51.974  45.000  52.904  51.985
  43.615  52.209  52.977  42.673  52.869  52.750  41.231  52.348  53.925  40.332
  52.917  53.976  40.096  54.399  52.997  40.447  55.080  55.021  39.542  54.850
  52.642  45.744  50.229  53.108  47.447  50.744  51.463  46.893  50.983  53.090
  46.846  53.119  53.976  45.618  52.331  50.983  45.490  52.828  52.137  44.819
  53.989  51.991  43.618  51.095  50.971  43.213  52.442  53.020  42.801  53.974
  53.982  42.980  52.492  52.745  41.213  51.234  51.781  40.795  52.667  54.929
  40.735  52.674  53.751  39.327  52.479
  53.602  47.083  51.035  53.958  46.215  52.253  52.869  45.885  53.280  52.204
  44.519  52.934  53.155  43.230  53.176  52.419  41.862  52.751  53.438  40.645
  52.931  53.659  40.174  54.410  52.844  40.510  55.330  54.725  39.568  54.608
  53.110  47.944  51.529  52.854  46.585  50.377  54.445  47.470  50.422  54.766
  46.685  52.851  54.423  45.274  51.881  52.033  46.617  53.309  53.164  45.895
  54.346  51.740  44.515  51.930  51.356  44.393  53.636  53.458  43.340  54.241
  54.093  43.438  52.602  52.231  41.994  51.663  51.458  41.773  53.305  54.438
  40.845  52.497  52.988  39.813  52.341
  54.112  47.516  50.885  53.497  46.110  50.605  53.993  44.927  51.507  53.448
  43.483  51.204  53.784  42.368  52.251  52.925  41.146  52.005  53.502  39.842
  52.628  53.945  40.057  54.052  53.111  40.466  54.906  55.141  39.774  54.267
  55.214  47.379  50.840  53.767  47.978  51.829  53.527  48.172  50.200  53.757
  45.863  49.555  52.398  46.051  50.738  53.645  45.082  52.551  55.104  44.878
  51.487  53.819  43.226  50.193  52.339  43.463  51.209  53.509  42.871  53.208
  54.878  42.181  52.343  52.824  40.945  50.920  51.976  41.241  52.578  54.327
  39.468  51.987  52.747  39.043  52.529
  51.674  47.013  53.906  52.118  45.668  53.290  53.493  45.700  52.725  53.779
  44.472  51.816  53.435  43.095  52.490  53.984  41.814  51.713  53.964  40.514
  52.482  54.044  40.595  54.023  53.120  41.092  54.620  55.019  40.010  54.593
  50.613  46.946  54.232  51.788  47.910  53.265  52.279  47.099  54.833  51.426
  45.369  52.480  52.039  44.927  54.124  54.216  45.688  53.576  53.686  46.557
  52.061  54.841  44.479  51.508  53.164  44.456  50.891  52.371  42.881  52.723
  54.011  43.081  53.446  55.041  42.116  51.573  53.538  41.680  50.701  54.746
  39.770  52.202  52.967  40.091  52.237
  53.881  47.575  52.026  53.129  46.332  51.458  53.516  45.036  52.227  52.845
  43.730  51.706  53.007  42.546  52.671  53.871  41.440  52.239  53.790  40.068
  52.986  54.185  40.177  54.404  53.502  40.828  55.186  55.248  39.605  54.768
  54.860  47.220  52.415  53.310  48.022  52.874  54.103  48.311  51.223  53.289
  46.166  50.374  52.044  46.473  51.603  53.107  45.253  53.231  54.608  44.837
  52.309  53.324  43.511  50.734  51.772  44.003  51.580  51.938  42.275  52.835
  53.477  42.863  53.616  54.930  41.702  52.054  53.450  41.280  51.217  54.587
  39.478  52.471  52.758  39.758  52.746
  53.875  47.288  51.195  52.741  46.865  52.126  53.057  45.574  53.005  53.593
  44.403  52.168  53.329  43.084  52.854  54.184  41.982  52.253  53.822  40.567
  52.852  54.102  40.434  54.346  53.379  40.990  55.188  55.058  39.669  54.672
  53.862  48.393  51.024  53.666  46.854  50.201  54.880  46.981  51.564  51.929
  46.547  51.441  52.533  47.658  52.885  52.132  45.265  53.543  53.839  45.869
  53.728  54.702  44.467  52.163  53.153  44.487  51.161  52.244  42.874  52.808
  53.587  43.121  53.930  55.262  42.076  52.521  54.149  41.851  51.150  54.300
  39.781  52.223  52.726  40.405  52.829
  52.383  46.032  54.489  53.305  45.173  53.584  52.429  44.223  52.721  53.234
  43.166  52.025  53.630  41.997  52.895  54.410  41.000  52.174  54.455  39.737
  52.971  54.900  39.833  54.422  54.145  40.302  55.276  56.011  39.328  54.767
  53.072  46.710  55.020  51.733  45.414  55.152  51.720  46.712  53.912  53.950
  44.654  54.330  54.030  45.781  52.996  51.794  44.810  52.028  51.650  43.779
  53.380  54.145  43.578  51.526  52.680  42.764  51.147  52.660  41.646  53.311
  54.288  42.419  53.676  55.439  41.394  52.117  54.024  40.845  51.147  55.162
  39.132  52.364  53.465  39.230  52.929
  49.581  43.959  55.976  50.158  42.890  55.012  51.338  43.430  54.146  51.930
  42.386  53.302  53.471  42.482  53.112  54.007  41.384  52.108  53.854  39.934
  52.705  54.462  39.815  54.093  53.653  39.979  55.051  55.664  39.591  54.217
  50.351  44.261  56.724  48.651  43.718  56.542  49.413  44.855  55.341  49.391
  42.517  54.301  50.504  42.029  55.620  52.141  43.837  54.786  51.020  44.273
  53.506  51.482  42.361  52.290  51.723  41.419  53.802  53.932  42.347  54.116
  53.743  43.485  52.720  55.037  41.608  51.757  53.362  41.442  51.199  54.292
  39.117  52.088  52.758  39.791  52.761
  52.090  47.283  52.527  52.717  46.359  51.464  53.261  45.032  52.121  52.107
  43.987  52.477  52.511  42.756  53.267  53.576  41.954  52.445  53.885  40.456
  52.837  54.112  40.343  54.312  53.072  40.410  55.017  55.233  40.025  54.674
  52.807  47.583  53.313  51.233  46.769  53.022  51.895  48.233  51.982  53.565
  46.920  51.031  51.926  46.154  50.706  53.924  45.295  52.978  53.949  44.472
  51.453  51.658  43.712  51.496  51.212  44.456  52.941  51.672  42.026  53.289
  52.958  42.919  54.272  54.539  42.497  52.457  53.182  41.895  51.402  54.717
  40.062  52.229  52.953  39.951  52.504
  54.016  47.259  51.940  52.760  46.412  52.412  53.262  45.116  53.036  53.511
  43.943  52.070  53.545  42.608  52.741  54.366  41.518  51.969  54.270  40.232
  52.737  54.614  40.320  54.221  53.717  40.368  55.075  55.797  40.420  54.556
  53.789  47.929  51.082  54.792  46.547  51.579  54.467  47.736  52.829  52.049
  46.264  51.583  52.193  47.033  53.133  52.556  44.754  53.816  54.244  45.319
  53.514  54.480  44.033  51.536  52.704  44.057  51.312  52.550  42.134  52.775
  54.114  42.856  53.661  55.414  41.840  51.842  53.990  41.426  50.927  55.004
  39.537  52.268  53.272  39.759  52.631
  54.192  47.934  51.071  52.878  47.439  51.696  53.055  46.273  52.570  53.659
  45.008  51.938  53.347  43.735  52.750  53.958  42.511  52.089  53.572  41.199
  52.784  54.266  40.878  54.113  53.931  41.619  55.135  55.042  39.903  54.224
  53.888  48.748  50.382  54.626  47.143  50.423  54.946  48.390  51.753  52.150
  47.209  50.891  52.460  48.273  52.295  52.052  45.971  52.936  53.754  46.511
  53.397  54.748  45.137  51.751  53.263  44.970  50.893  52.269  43.644  52.977
  53.853  43.940  53.715  55.066  42.566  52.040  53.647  42.587  51.024  53.799
  40.330  52.132  52.495  41.137  53.062
  52.472  47.006  53.073  53.477  45.981  52.529  53.045  45.057  51.338  54.052
  43.946  51.011  54.176  42.867  52.148  54.927  41.559  51.705  54.700  40.360
  52.661  54.972  40.549  54.128  54.043  41.062  54.816  56.059  40.099  54.608
  52.422  47.874  52.388  52.879  47.395  54.030  51.438  46.602  53.089  53.882
  45.392  53.379  54.342  46.635  52.256  52.781  45.564  50.380  52.072  44.589
  51.589  55.037  44.394  50.778  53.679  43.477  50.080  53.159  42.516  52.435
  54.623  43.248  53.104  56.016  41.777  51.603  54.496  41.249  50.731  55.411
  39.589  52.315  53.651  39.999  52.588
  51.996  45.817  55.351  53.160  45.346  54.490  52.695  44.806  53.108  53.807
  44.428  52.139  54.642  43.213  52.692  53.790  41.936  52.553  54.595  40.615
  52.760  55.192  40.549  54.119  54.365  40.518  55.084  56.442  40.510  54.258
  52.231  45.951  56.432  51.246  44.990  55.303  51.511  46.719  54.931  53.621
  44.498  55.052  53.851  46.207  54.388  52.143  45.638  52.613  51.980  43.979
  53.330  54.503  45.255  51.886  53.508  44.110  51.109  54.937  43.350  53.754
  55.531  43.043  52.049  53.313  42.080  51.560  52.936  41.934  53.259  55.435
  40.446  52.046  53.949  39.738  52.561
  53.160  47.737  51.619  53.519  46.408  51.009  53.653  45.325  52.128  54.155
  43.977  51.549  54.075  42.805  52.573  54.740  41.578  51.923  54.548  40.237
  52.609  54.885  40.269  54.059  54.100  40.819  54.866  56.001  39.695  54.356
  52.244  47.696  52.249  53.045  48.533  50.860  53.922  48.053  52.372  54.544
  46.557  50.591  52.902  46.085  50.147  52.681  45.269  52.660  54.406  45.639
  52.892  55.230  44.162  51.342  53.755  43.792  50.534  53.000  42.554  52.735
  54.401  43.109  53.591  55.813  41.756  51.676  54.327  41.473  50.894  55.084
  39.430  52.059  53.455  40.104  52.520
  51.771  47.395  53.856  51.927  46.210  52.892  53.338  45.612  52.875  53.724
  44.475  51.972  53.447  43.134  52.638  54.197  41.949  51.895  53.931  40.568
  52.558  53.934  40.595  54.137  52.948  40.930  54.816  55.066  40.319  54.615
  52.111  47.156  54.893  50.715  47.737  53.884  52.381  48.225  53.449  51.888
  46.360  51.792  51.214  45.371  53.049  53.529  45.240  53.902  53.979  46.488
  52.632  54.821  44.546  51.820  53.140  44.451  51.025  52.348  42.955  52.539
  53.665  43.059  53.722  55.294  42.075  51.808  53.693  41.870  50.902  54.678
  39.843  52.168  52.981  40.169  52.146
  52.219  47.071  54.491  52.906  45.805  53.995  52.310  45.223  52.748  53.192
  44.125  52.094  53.261  42.828  52.857  54.091  41.791  52.179  53.941  40.397
  52.826  54.374  40.348  54.243  53.473  40.630  55.049  55.554  40.055  54.487
  52.513  47.854  53.751  52.571  47.336  55.503  51.110  47.011  54.537  52.792
  45.023  54.774  53.990  46.064  53.966  52.063  46.050  52.038  51.302  44.793
  52.913  54.211  44.578  52.022  52.852  43.801  51.087  52.198  42.494  52.820
  53.424  43.062  53.929  55.176  42.038  52.299  53.842  41.786  51.098  54.557
  39.588  52.360  52.878  40.064  52.779
  52.883  46.764  53.687  53.892  45.784  53.009  53.175  44.819  52.063  54.101
  43.704  51.588  54.151  42.544  52.635  54.795  41.286  52.046  54.583  40.073
  52.995  54.886  40.346  54.472  53.896  40.961  55.062  55.970  40.020  55.004
  51.913  46.323  54.038  52.641  47.568  52.959  53.388  47.370  54.472  54.474
  45.306  53.823  54.585  46.385  52.375  52.832  45.413  51.192  52.320  44.326
  52.578  55.147  44.067  51.479  53.750  43.302  50.624  53.066  42.338  52.786
  54.680  42.962  53.516  55.891  41.412  51.889  54.264  41.063  51.099  55.169
  39.211  52.607  53.513  39.782  52.938
  51.607  46.579  54.033  52.034  45.142  53.614  53.368  45.055  52.792  53.545
  43.815  51.968  53.757  42.516  52.754  54.621  41.479  52.046  54.796  40.110
  52.809  55.029  40.180  54.276  54.077  40.378  55.034  56.209  40.006  54.641
  50.786  46.512  54.777  51.117  47.098  53.181  52.520  47.109  54.349  51.209
  44.717  52.989  52.091  44.510  54.523  54.156  45.157  53.568  53.262  45.883
  52.070  54.427  43.919  51.304  52.687  43.613  51.289  52.743  42.090  52.922
  54.181  42.717  53.757  55.657  41.820  51.830  54.161  41.244  51.072  55.556
  39.441  52.361  53.824  39.572  52.726
  52.775  47.663  51.968  53.889  46.685  51.762  53.421  45.276  52.240  54.406
  44.225  51.767  54.042  43.034  52.601  54.789  41.798  52.190  54.159  40.468
  52.729  54.417  40.200  54.198  53.450  40.556  54.970  55.472  39.692  54.578
  51.853  47.260  51.490  53.078  48.669  51.589  52.558  47.741  53.053  54.779
  47.022  52.338  54.288  46.644  50.730  52.385  45.051  51.897  53.494  45.358
  53.343  55.473  44.489  51.951  54.310  44.193  50.657  52.942  42.905  52.495
  54.354  43.139  53.664  55.859  41.916  52.487  54.662  41.794  51.093  54.426
  39.610  52.076  53.090  40.626  52.514
  53.570  47.443  50.480  53.433  47.002  51.957  52.864  45.632  52.174  53.936
  44.561  51.852  53.811  43.319  52.703  54.577  42.155  52.098  54.196  40.817
  52.816  54.576  40.748  54.205  53.599  40.876  55.019  55.780  40.654  54.534
  54.040  46.681  49.827  54.259  48.287  50.287  52.573  47.620  50.014  52.884
  47.722  52.599  54.477  46.890  52.315  51.943  45.415  51.586  52.676  45.521
  53.271  54.972  44.946  52.005  53.839  44.281  50.782  52.742  43.018  52.703
  54.189  43.592  53.713  55.685  42.226  52.141  54.294  42.037  51.033  54.717
  40.054  52.213  53.100  40.700  52.651
  54.371  47.572  51.499  52.948  46.838  51.655  52.887  45.442  52.405  53.609
  44.258  51.784  53.621  42.952  52.641  54.609  41.865  52.165  54.413  40.574
  52.916  54.696  40.683  54.384  53.808  41.216  55.099  55.838  40.358  54.760
  54.975  46.853  50.908  54.769  47.799  52.511  54.373  48.520  50.922  52.399
  46.713  50.696  52.200  47.411  52.242  51.851  45.065  52.565  53.350  45.542
  53.409  54.692  44.418  51.585  53.070  43.952  50.869  52.554  42.657  52.695
  53.795  43.299  53.681  55.639  42.242  52.357  54.429  41.628  51.098  55.001
  39.696  52.583  53.363  40.255  52.748
  54.949  47.252  51.469  53.538  47.107  51.995  53.169  45.657  52.503  53.741
  44.428  51.738  53.426  43.048  52.394  54.204  41.940  51.670  54.019  40.518
  52.270  54.360  40.482  53.725  53.509  40.823  54.581  55.519  40.078  54.034
  55.353  48.249  51.204  55.146  46.677  50.531  55.488  46.726  52.297  52.871
  47.406  51.170  53.351  47.784  52.855  52.063  45.718  52.497  53.455  45.554
  53.569  54.842  44.588  51.667  53.251  44.469  50.740  52.320  42.889  52.364
  53.735  43.077  53.461  55.247  42.263  51.845  53.925  41.893  50.592  54.733
  39.761  51.874  52.969  40.183  52.165
  54.246  49.030  51.571  53.163  48.005  51.865  53.834  46.653  52.335  52.875
  45.488  52.645  53.617  44.161  52.951  52.777  42.910  52.647  53.764  41.672
  52.751  54.074  41.454  54.272  53.170  41.214  55.127  55.317  41.457  54.636
  53.746  50.020  51.529  54.805  48.798  50.638  55.031  49.077  52.356  52.405
  47.960  51.048  52.619  48.468  52.723  54.358  46.910  53.279  54.499  46.311
  51.509  52.449  45.230  51.647  52.011  45.721  53.311  53.937  44.170  54.018
  54.524  44.264  52.328  52.473  42.952  51.579  51.835  42.723  53.202  54.732
  41.821  52.224  53.321  40.755  52.303
  52.272  47.403  53.940  51.133  46.432  53.582  51.331  45.028  53.996  52.376
  44.309  53.098  52.658  42.817  53.394  53.998  42.425  52.843  54.369  40.960
  53.165  54.716  40.657  54.580  53.845  40.820  55.461  55.873  40.266  54.840
  51.947  48.270  53.334  53.251  47.153  53.492  52.337  47.568  55.044  51.098
  46.371  52.480  50.130  46.774  53.934  50.334  44.530  53.988  51.741  44.927
  55.024  53.347  44.847  53.048  52.005  44.324  52.055  51.841  42.276  52.865
  52.509  42.700  54.489  54.771  43.075  53.307  53.806  42.539  51.754  55.170
  40.755  52.427  53.463  40.403  52.841
  50.026  43.486  55.701  50.924  43.229  54.448  51.728  44.448  54.074  52.659
  44.284  52.858  53.942  43.469  53.079  53.685  41.989  52.627  54.878  41.096
  52.923  54.955  40.720  54.392  54.009  40.933  55.188  56.038  40.187  54.762
  49.341  42.619  55.868  49.356  44.368  55.600  50.715  43.670  56.558  50.377
  42.998  53.504  51.615  42.389  54.648  52.334  44.765  54.944  51.053  45.300
  53.823  53.058  45.306  52.664  52.242  43.935  51.898  54.318  43.433  54.122
  54.744  43.775  52.378  53.418  42.026  51.548  52.780  41.614  53.152  55.728
  41.787  52.689  54.769  40.202  52.271
  49.202  44.994  56.183  50.394  45.463  55.367  51.335  44.253  55.019  52.417
  44.593  53.944  53.399  43.404  53.655  52.830  42.101  53.210  53.830  40.943
  53.272  54.165  40.554  54.723  53.342  40.844  55.626  55.272  40.021  54.887
  49.587  44.520  57.110  48.614  44.285  55.563  48.577  45.883  56.433  50.988
  46.224  55.928  50.110  45.903  54.386  50.813  43.372  54.613  51.761  43.743
  55.914  52.938  45.494  54.350  51.925  44.821  52.973  54.103  43.251  54.500
  53.977  43.691  52.744  52.552  42.213  52.140  51.923  41.774  53.770  54.786
  41.132  52.737  53.342  40.098  52.735
  50.988  47.349  54.293  50.875  45.876  53.759  52.095  44.963  54.182  51.939
  43.578  53.689  53.255  42.883  53.541  53.245  41.485  52.874  54.517  40.655
  53.097  54.746  40.356  54.500  53.851  40.514  55.384  55.902  39.891  54.727
  50.123  47.897  53.858  51.825  47.817  53.723  51.100  47.277  55.400  50.815
  45.911  52.650  49.942  45.495  54.231  52.128  44.847  55.291  53.037  45.444
  53.850  51.532  43.558  52.659  51.250  42.936  54.294  53.735  42.806  54.539
  53.986  43.487  52.955  53.202  41.600  51.765  52.313  40.955  53.156  55.322
  41.380  52.869  54.613  39.692  52.559
  49.292  44.559  55.490  50.645  43.759  55.510  51.143  43.330  54.115  52.100
  42.114  54.154  52.384  41.572  52.755  52.984  40.097  52.704  54.415  40.206
  53.124  54.641  39.807  54.561  53.877  40.188  55.425  55.684  39.134  54.824
  48.539  43.941  54.958  49.314  45.472  54.851  48.998  44.876  56.516  50.532
  42.831  56.112  51.528  44.297  55.906  51.855  44.119  53.800  50.347  43.264
  53.343  51.557  41.273  54.633  52.996  42.390  54.736  53.012  42.369  52.303
  51.461  41.576  52.148  52.827  39.904  51.616  52.449  39.363  53.333  54.767
  41.242  52.955  55.136  39.679  52.460
  49.906  46.243  56.190  50.198  44.784  55.708  51.439  44.675  54.847  51.542
  43.424  54.014  52.954  43.074  53.592  52.884  41.854  52.623  54.096  40.842
  52.763  54.325  40.310  54.134  53.295  40.286  54.888  55.476  39.961  54.476
  49.036  46.174  56.880  49.592  46.905  55.355  50.796  46.632  56.741  49.320
  44.302  55.234  50.302  44.165  56.627  52.288  44.708  55.556  51.472  45.530
  54.124  50.954  43.762  53.132  51.096  42.653  54.685  53.552  42.746  54.474
  53.521  43.882  53.091  52.834  42.158  51.563  51.938  41.298  52.838  55.043
  41.340  52.456  53.914  39.980  52.087
  49.709  45.493  56.004  49.938  44.089  55.380  50.937  44.062  54.261  51.160
  42.636  53.727  52.539  42.365  53.240  52.846  40.938  52.823  54.400  40.639
  52.989  54.719  40.410  54.415  53.828  40.544  55.291  55.895  40.170  54.686
  49.363  46.141  55.178  50.646  45.926  56.427  49.075  45.392  56.917  48.976
  43.807  54.911  50.214  43.390  56.198  51.876  44.454  54.703  50.582  44.689
  53.425  50.343  42.532  52.975  51.107  41.899  54.547  53.214  42.664  54.071
  52.803  43.056  52.422  52.561  40.742  51.769  52.162  40.312  53.428  54.897
  41.557  52.637  54.796  39.799  52.369
  50.631  46.335  55.953  51.288  45.619  54.863  50.588  44.238  54.565  51.110
  43.392  53.350  52.439  42.759  53.738  52.680  41.313  53.166  54.143  40.844
  53.189  54.792  40.785  54.569  54.411  41.644  55.373  55.601  39.917  54.790
  50.761  45.988  57.006  49.547  46.305  55.751  50.844  47.421  55.953  52.341
  45.358  55.110  51.190  46.312  53.993  49.539  44.409  54.250  50.470  43.653
  55.507  51.047  43.986  52.411  50.326  42.611  53.294  52.569  42.753  54.836
  53.244  43.395  53.304  52.371  41.158  52.103  52.038  40.722  53.865  54.875
  41.474  52.637  54.080  39.812  52.776
  50.957  47.898  54.055  50.679  46.426  53.994  51.924  45.534  54.143  51.615
  43.997  53.996  52.862  43.079  53.976  52.494  41.672  53.627  53.741  40.796
  53.655  54.356  40.469  55.029  53.805  40.913  56.093  55.423  39.795  55.099
  49.995  48.464  54.134  51.331  48.350  53.107  51.601  48.148  54.924  50.279
  46.167  52.992  49.978  46.141  54.813  52.426  45.728  55.112  52.616  45.788
  53.316  51.066  43.920  53.036  50.877  43.809  54.803  53.353  42.952  54.958
  53.620  43.553  53.308  51.952  41.646  52.654  51.725  41.186  54.276  54.569
  41.114  52.980  53.484  39.813  53.215
